


                             Solar Radio Emission
                    Single-Frequency Total Flux Observations
                        Observing Station: Nobeyama (NBYM)
                    Flux Density in 10^(-22) W m^(-2) Hz^(-1)


             1000   2000   3750   9400  17000
              MHz    MHz    MHz    MHz    MHz

2007-01-01     56     67     93    281    654
2007-01-02     58     69     95    289    653
2007-01-03     59     72     99    286    650
2007-01-04     58     70     97    280    650
2007-01-05     59     70     97    284    654
2007-01-06     59     68     94    274      -
2007-01-07     58     68     95    272      -
2007-01-08     58     67     94    278    644
2007-01-09     59     70     98    281    647
2007-01-10     58     70     97    284    651
2007-01-11     55     66     93    277    649
2007-01-12     55     67     93    281    644
2007-01-13     53     64     91    277    647
2007-01-14     52     62     88    273    652
2007-01-15     51     63     89    276    653
2007-01-16     52     62     87    278    654
2007-01-17     50     61     84    273    636
2007-01-18     52     62     85    276    649
2007-01-19     50     60     84    270    642
2007-01-20     50     59     83    273    644
2007-01-21     51     61     86    279    650
2007-01-22     52     60     87    275    645
2007-01-23     50     59     86    272    643
2007-01-24     51     60     87    278    646
2007-01-25     51     60     86    274    648
2007-01-26     51     60     86    275    646
2007-01-27     52     61     87    277    649
2007-01-28     52     61     88    280    652
2007-01-29     52     62     91    278    645
2007-01-30     56     67     96    284    647
2007-01-31     56     67     94    283    650

#     MEAN   54.1   64.3   90.6  278.0  648.0
