


                             Solar Radio Emission
                    Single-Frequency Total Flux Observations
                        Observing Station: Nobeyama (NBYM)
                    Flux Density in 10^(-22) W m^(-2) Hz^(-1)


             1000   2000   3750   9400  17000
              MHz    MHz    MHz    MHz    MHz

2015-07-01     81     92    108    276    632
2015-07-02     89    101    114    281    630
2015-07-03     91    101    113    279    627
2015-07-04     94    104    114    280    624
2015-07-05     98    106    114    279    621
2015-07-06    104    115    128    292    609
2015-07-07    105    117    130    292    628
2015-07-08    107    119    131    294    629
2015-07-09    107    117    128    291    635
2015-07-10    100    112    125    292    636
2015-07-11    100    114    130    295    642
2015-07-12     93    106    122    289    632
2015-07-13     88    101    118    286    630
2015-07-14     85     96    112    280    629
2015-07-15     84     93    109    277    621
2015-07-16     80     90    104    275    616
2015-07-17     78     89    104    273    614
2015-07-18     75     87    101    270    617
2015-07-19     71     83    100    271    616
2015-07-20     72     84    103    275    627
2015-07-21     70     80     99    270    626
2015-07-22     67     78     96    269    627
2015-07-23     65     77     94    267    622
2015-07-24     64     77     96    271    624
2015-07-25     65     80    101    274    623
2015-07-26     64     79    101    272    623
2015-07-27     66     82    104    274    623
2015-07-28     69     87    106    275    628
2015-07-29     73     88    108    275    624
2015-07-30     75     87    105    274    620
2015-07-31     78     89    108    277    625

#     MEAN   82.6   94.6  110.5  278.7  625.1
