


                             Solar Radio Emission
                    Single-Frequency Total Flux Observations
                        Observing Station: Nobeyama (NBYM)
                    Flux Density in 10^(-22) W m^(-2) Hz^(-1)


             1000   2000   3750   9400  17000
              MHz    MHz    MHz    MHz    MHz

2008-07-01     45     51     75    251    609
2008-07-02     44     50     74    251    613
2008-07-03     44     50     74    251    613
2008-07-04     44     51     74    250    612
2008-07-05     43     50     74    252    611
2008-07-06     43     51     75    252    609
2008-07-07     43     51     75    252    615
2008-07-08     42     50     74    252    605
2008-07-09     42     50     74    251    591
2008-07-10     42     50     74    252    615
2008-07-11     43     50     74    250    609
2008-07-12     43     50     74    252    611
2008-07-13     43     50     74    251    613
2008-07-14     43     51     74    251    611
2008-07-15     43     50     74    252    611
2008-07-16     42     50     74    251    609
2008-07-17     42     49     73    251    612
2008-07-18     43     49     74    250    596
2008-07-19     44     50     75    252    617
2008-07-20     44     51     75    251    598
2008-07-21     43     50     74    251    613
2008-07-22     44     51     75    252    612
2008-07-23     43     50     74    251    612
2008-07-24     43     51     75    251    613
2008-07-25     43     50     75    250    606
2008-07-26     43     50     74    250    611
2008-07-27     43     51     75    250    611
2008-07-28     43     51     75    254    604
2008-07-29     43     51     75    252    611
2008-07-30     44     51     75    252    614
2008-07-31     43     50     74    251    605

#     MEAN   43.1   50.3   74.4  251.3  609.5
