


                             Solar Radio Emission
                    Single-Frequency Total Flux Observations
                        Observing Station: Nobeyama (NBYM)
                    Flux Density in 10^(-22) W m^(-2) Hz^(-1)


             1000   2000   3750   9400  17000
              MHz    MHz    MHz    MHz    MHz

2012-03-01     77     87    105    283    658
2012-03-02     75     87    107    288    650
2012-03-03     77     90    115    296    655
2012-03-04     76     91    109    286    652
2012-03-05     74      -      -      -      -
2012-03-06     84    110    145    330    672
2012-03-07     89    116    153    339    683
2012-03-08     80    109    150    322    667
2012-03-09     82    111    148    321    657
2012-03-10     82    111    151    315    655
2012-03-11     84    109    136    302    659
2012-03-12     81    111    140    302    656
2012-03-13     78    105    133    295    655
2012-03-14     82    108    132    293    658
2012-03-15     78     98    122    286    649
2012-03-16     73     95    116    283    649
2012-03-17     74     87    102    279    641
2012-03-18     74     88    106    279    641
2012-03-19     73     87    108    277    641
2012-03-20     70     85    105    278    647
2012-03-21     72     84    106    277    641
2012-03-22     71     83    105    281    648
2012-03-23     73     86    107    284    643
2012-03-24     75     88    109    280    645
2012-03-25     73     88    111    283    642
2012-03-26     73     84    103    273    634
2012-03-27     74     87    106    277    645
2012-03-28     76     90    110    279    639
2012-03-29     75     90    109    280    651
2012-03-30     78     94    112    281    649
2012-03-31     78     95    112    286    650

#     MEAN   76.8   95.1  119.1  291.3  651.1
