


                             Solar Radio Emission
                    Single-Frequency Total Flux Observations
                        Observing Station: Nobeyama (NBYM)
                    Flux Density in 10^(-22) W m^(-2) Hz^(-1)


             1000   2000   3750   9400  17000
              MHz    MHz    MHz    MHz    MHz

2006-02-01     52     58     85    270    633
2006-02-02     52     59     85    264    637
2006-02-03     51     58     84    266    646
2006-02-04     53     59     85    266    635
2006-02-05     51     58     84    265    634
2006-02-06     50     57     83    264    626
2006-02-07     49     56     83    260    636
2006-02-08     50     55     82    261    637
2006-02-09     49     56     83    262    635
2006-02-10     51     56     82    264    640
2006-02-11     51     57     83    263    644
2006-02-12     50     57     83    264    636
2006-02-13     49     57     83    264    644
2006-02-14     50     59     84    264    649
2006-02-15     52     59     85    267    654
2006-02-16     52     60     85    266    628
2006-02-17     54     60     86    266    635
2006-02-18     53     61     85    269    630
2006-02-19     53     59     84    269    639
2006-02-20     52     59     83    272    632
2006-02-21     51     58     83    266    640
2006-02-22     52     57     82    265    636
2006-02-23     51     57     83    267    636
2006-02-24     51     57     83    267    631
2006-02-25     51     58     83    267    636
2006-02-26     51     59     82    264      -
2006-02-27     51     58     84    266    621
2006-02-28     51     59     84    267    632

#     MEAN   51.2   58.0   83.6  265.5  636.4
