


                             Solar Radio Emission
                    Single-Frequency Total Flux Observations
                        Observing Station: Nobeyama (NBYM)
                    Flux Density in 10^(-22) W m^(-2) Hz^(-1)


             1000   2000   3750   9400  17000
              MHz    MHz    MHz    MHz    MHz

2012-01-01     95    114    131    306    683
2012-01-02     95    114    132    301    671
2012-01-03     96    115    136    300    671
2012-01-04     95    117    139    304    676
2012-01-05     95    117    140    304    671
2012-01-06     94    119    144    310    677
2012-01-07     93    119    147    306    672
2012-01-08     93    122    154    310    684
2012-01-09     89    113    150    314    680
2012-01-10     88    112    151    308    674
2012-01-11     85    105    140    299    665
2012-01-12     83     98    125    289    662
2012-01-13     83    100    127    295    670
2012-01-14     88    107    135    297    669
2012-01-15     88    110    142    309    678
2012-01-16     91    115    145    313    681
2012-01-17     93    116    152    316    678
2012-01-18     93    117    148    311    677
2012-01-19     95    118    149    310    675
2012-01-20     96    121    149    316    671
2012-01-21     93    119    146    311    673
2012-01-22     95    129    156    310    687
2012-01-23     96    121    142    312    671
2012-01-24     89    115    135    300    671
2012-01-25     88    112    130    300    672
2012-01-26     89    111      -    303    674
2012-01-27     88    105      -    302    665
2012-01-28     87    101    123    297    666
2012-01-29     85     96    117    289    659
2012-01-30     88     95    116    288    658
2012-01-31     83     97    117    287    655

#     MEAN   90.7  111.9  138.5  303.7  672.1
