


                             Solar Radio Emission
                    Single-Frequency Total Flux Observations
                        Observing Station: Nobeyama (NBYM)
                    Flux Density in 10^(-22) W m^(-2) Hz^(-1)


             1000   2000   3750   9400  17000
              MHz    MHz    MHz    MHz    MHz

2016-11-01     54     64     86    264    623
2016-11-02     54     63     85    263    619
2016-11-03     53     63     84    265    623
2016-11-04     54     63     85    265    627
2016-11-05     54     63     85    267    633
2016-11-06     54     64     86    267    627
2016-11-07     53     64     86    268    631
2016-11-08     53     64     86    270    635
2016-11-09     53     64     87    267    620
2016-11-10     54     67     90    271    628
2016-11-11     54     66     89    271    634
2016-11-12     52     64     88    271    636
2016-11-13     52     66     88    270    635
2016-11-14     52     64     87    268    629
2016-11-15     52     63     86    267    630
2016-11-16     53     65     87    267    625
2016-11-17     54     66     88    269    631
2016-11-18     54     66     87    269    631
2016-11-19     54     65     86    267    619
2016-11-20     53     66     87    269    636
2016-11-21     52     63     85    269    629
2016-11-22     51     63     85    271    636
2016-11-23     50     63     87    269    630
2016-11-24     51     65     86    266      -
2016-11-25     51     66     88    272    632
2016-11-26     53     68     90    271    633
2016-11-27     53     68     90    272    633
2016-11-28     53     68     91    270    624
2016-11-29     55     72     95    273    628
2016-11-30     55     72     94    272    630

#     MEAN   53.0   65.4   87.4  268.6  629.1
