


                             Solar Radio Emission
                    Single-Frequency Total Flux Observations
                        Observing Station: Nobeyama (NBYM)
                    Flux Density in 10^(-22) W m^(-2) Hz^(-1)


             1000   2000   3750   9400  17000
              MHz    MHz    MHz    MHz    MHz

2026-01-01    123    159    164      -    669
2026-01-02    124    156    159      -    665
2026-01-03    122    155    162    318    659
2026-01-04    118    149    156    314    655
2026-01-05    109    141    149    311    655
2026-01-06    110    142    152    317    658
2026-01-07    100    125    142    311    658
2026-01-08     93    119    134    310    659
2026-01-09     91    113    129    304    655
2026-01-10     83    102    119    295    650
2026-01-11     82    100    118    291    645
2026-01-12     82    103    122    298    650
2026-01-13     81    100    119    291    649
2026-01-14     81    103    126    298    652
2026-01-15     82    109    131    303    654
2026-01-16     89    121    144    313    663
2026-01-17     94    131    156    318    671
2026-01-18    101    140    153    312    661
2026-01-19    113    156    168    331    679
2026-01-20    110    155    173    323    665
2026-01-21    113    158    173    327    665
2026-01-22    119    166    175    329    666
2026-01-23    123    164    178    336    669
2026-01-24    126    172    181    338    679
2026-01-25      -      -      -      -      -
2026-01-26    115    144    153    322    657
2026-01-27    113    139    146    315    664
2026-01-28    108    130    139    307    651
2026-01-29    103    120    131    300    646
2026-01-30    101    118    130    299    642
2026-01-31     99    118    130    300    650

#     MEAN  103.6  133.7  147.1  311.8  658.8
