


                             Solar Radio Emission
                    Single-Frequency Total Flux Observations
                        Observing Station: Nobeyama (NBYM)
                    Flux Density in 10^(-22) W m^(-2) Hz^(-1)


             1000   2000   3750   9400  17000
              MHz    MHz    MHz    MHz    MHz

2008-05-01     44     53     77    255    622
2008-05-02     43     52     76    255    620
2008-05-03     43     52     76    253    621
2008-05-04     43     52     76    255    623
2008-05-05     43     52     76    254    619
2008-05-06     42     51     75    254    620
2008-05-07     43     52     76    255    622
2008-05-08     42     50     75    254    622
2008-05-09     42     51     75    253    616
2008-05-10     42     51     75    252    610
2008-05-11     42     51     75    251    589
2008-05-12     42     52     76    252    610
2008-05-13     43     52     76    255    615
2008-05-14     43     52     76    254    601
2008-05-15     44     52     77    255    615
2008-05-16     44     54     78    256    617
2008-05-17     45     54     78    257    620
2008-05-18     45     55     78    256    616
2008-05-19     45     53     77    255    611
2008-05-20     44     53     77    255    616
2008-05-21     44     53     76    255    616
2008-05-22     44     53     77    256    621
2008-05-23     45     53     77    256    623
2008-05-24     44     52     76    256    614
2008-05-25     44     52     76    254    613
2008-05-26     44     52     76    256    618
2008-05-27     44     52     76    253    614
2008-05-28     44     52     76    254    616
2008-05-29     43     51     75    252    611
2008-05-30     42     51     75    252    605
2008-05-31     42     51     75    252    583

#     MEAN   43.3   52.2   76.0  254.2  614.1
