


                             Solar Radio Emission
                    Single-Frequency Total Flux Observations
                        Observing Station: Nobeyama (NBYM)
                    Flux Density in 10^(-22) W m^(-2) Hz^(-1)


             1000   2000   3750   9400  17000
              MHz    MHz    MHz    MHz    MHz

2008-04-01     49     59     85    260    623
2008-04-02     49     60     83    261    629
2008-04-03     48     60     84    261    631
2008-04-04     46     58     82    260    629
2008-04-05     45     55     79    259    628
2008-04-06     45     54     79    257    630
2008-04-07     43     53     77    257    622
2008-04-08     44     53     78    256    605
2008-04-09     44     52     77    255    618
2008-04-10     42     51     75    249    606
2008-04-11     41     51     76    254    619
2008-04-12     42     51     75    254    622
2008-04-13     43     52     76    255    619
2008-04-14     43     52     77    256    615
2008-04-15     43     53     77    256    625
2008-04-16     44     53     77    256    622
2008-04-17     44     53     77    255    624
2008-04-18     43     52     76    256    612
2008-04-19     44     54     78    256    617
2008-04-20     45     54     79    258    623
2008-04-21     45     54     79    258    622
2008-04-22     46     55     78    258    627
2008-04-23     46     55     79    257    623
2008-04-24     46     54     78    252    615
2008-04-25     45     53     76    253    611
2008-04-26     45     53     76    253    619
2008-04-27     45     52     76    254    621
2008-04-28     44     52     76    253    618
2008-04-29     44     53     76    253    622
2008-04-30     44     53     77    255    627

#     MEAN   44.5   53.9   77.9  256.0  620.8
