


                             Solar Radio Emission
                    Single-Frequency Total Flux Observations
                        Observing Station: Nobeyama (NBYM)
                    Flux Density in 10^(-22) W m^(-2) Hz^(-1)


             1000   2000   3750   9400  17000
              MHz    MHz    MHz    MHz    MHz

2013-08-01     82     94    112    281    649
2013-08-02     83     97    116    281    653
2013-08-03     84     99    116    279    649
2013-08-04     83     95    110    276    647
2013-08-05     83     93    109    277    645
2013-08-06     84     95    111    280    633
2013-08-07     81     90    108    277    650
2013-08-08     82     90    109    278    650
2013-08-09     81     89    110    277    642
2013-08-10     80     88    109    276    643
2013-08-11     79     88    111    279    647
2013-08-12     81     93    117    284    654
2013-08-13     81     97    126    287    656
2013-08-14     86    103    132    291    654
2013-08-15     86    100    127    287    652
2013-08-16     88    105    129    289    652
2013-08-17     87    104    127    294    656
2013-08-18     92    107    131    299    665
2013-08-19     93    110    133    297    656
2013-08-20     90    111    134    297    659
2013-08-21     92    113    135    299    668
2013-08-22     92    111    132    295    663
2013-08-23     94    115    134    302    675
2013-08-24     89    107    125    294    660
2013-08-25     84    100    120    290    638
2013-08-26     81     97    117    290    657
2013-08-27     81     96    120    288    659
2013-08-28     79     93    115    284    658
2013-08-29     78     91    114    279    649
2013-08-30     79     92    120    285    655
2013-08-31     82     93    117    282    655

#     MEAN   84.4   98.6  120.1  286.2  653.1
