


                             Solar Radio Emission
                    Single-Frequency Total Flux Observations
                        Observing Station: Nobeyama (NBYM)
                    Flux Density in 10^(-22) W m^(-2) Hz^(-1)


             1000   2000   3750   9400  17000
              MHz    MHz    MHz    MHz    MHz

2017-03-01     53     65     89    265    629
2017-03-02     52     64     88    264    623
2017-03-03     51     63     88    265    623
2017-03-04     50     62     85    262    628
2017-03-05     49     60     84    262    628
2017-03-06     48     57     81    261    621
2017-03-07     47     56     80    258    620
2017-03-08     46     55     79    256    615
2017-03-09     46     55     79    256    615
2017-03-10     46     54     79    257    618
2017-03-11     46     54     79    256    618
2017-03-12     46     55     80    256    621
2017-03-13     46     55     79    257    621
2017-03-14     46     54     80    257    616
2017-03-15     46     54     78    255    617
2017-03-16     45     54     78    254    617
2017-03-17     45     54     78    253    615
2017-03-18     45     53     78    255    618
2017-03-19     46     55     79    256    620
2017-03-20     47     56     79    257    621
2017-03-21     46     55     79    255    614
2017-03-22     46     55     79    254    607
2017-03-23     47     56     80    256    606
2017-03-24     47     56     80    255    604
2017-03-25     47     57     80    255      -
2017-03-26     47     58     82    257      -
2017-03-27     49     61     87    258    611
2017-03-28     51     65     93    265    615
2017-03-29     52     69     92    265    619
2017-03-30     52     68     92    264    620
2017-03-31     52     67     93    258    614

#     MEAN   47.8   58.1   82.5  258.1  617.8
