


                             Solar Radio Emission
                    Single-Frequency Total Flux Observations
                        Observing Station: Nobeyama (NBYM)
                    Flux Density in 10^(-22) W m^(-2) Hz^(-1)


             1000   2000   3750   9400  17000
              MHz    MHz    MHz    MHz    MHz

2011-09-01     73     92    113    285    643
2011-09-02     74     95    118    286    664
2011-09-03     75     96    117    285    610
2011-09-04     74     98    120    290    643
2011-09-05     75    102    126    297    649
2011-09-06     75     96    125    291    639
2011-09-07     75     91    114    290    648
2011-09-08     73     90    114    285    641
2011-09-09     75     93    119    289    647
2011-09-10     76     96    123    293    655
2011-09-11     77     97    125    298    653
2011-09-12     78    102    131    304    661
2011-09-13     85    108    136    306    666
2011-09-14     87    111    140    314    667
2011-09-15     88    117    144    309    662
2011-09-16     89    120    149    312    668
2011-09-17     90    122    153    313    660
2011-09-18     92    123    152    311    668
2011-09-19     91    125    157    313    674
2011-09-20     88    119    146    307    655
2011-09-21     88    122    149    313    657
2011-09-22     92    123    154    317    656
2011-09-23     91    124    152    328    667
2011-09-24     96    130    163    343    676
2011-09-25    105    137    170    358    686
2011-09-26    104    131    156    343    664
2011-09-27     95    120    151    324    659
2011-09-28    106    116    145    311    656
2011-09-29     92    114    136    303    652
2011-09-30     89    114    140    308    658

#     MEAN   85.6  110.7  137.9  307.6  656.8
