


                             Solar Radio Emission
                    Single-Frequency Total Flux Observations
                        Observing Station: Nobeyama (NBYM)
                    Flux Density in 10^(-22) W m^(-2) Hz^(-1)


             1000   2000   3750   9400  17000
              MHz    MHz    MHz    MHz    MHz

2012-02-01     86    101    119    289    654
2012-02-02     85     98    122    286    646
2012-02-03     82     98    120    286    653
2012-02-04     80     92    115    284    654
2012-02-05     78     90    112    286    656
2012-02-06     75     85    108    286    653
2012-02-07     73     83    109    289    648
2012-02-08     74     86    110    287    658
2012-02-09     69     81    106    278    646
2012-02-10     73     87    111    282    653
2012-02-11     76     91    115    285    651
2012-02-12     76     90    115    282    649
2012-02-13     76     90    113    282    653
2012-02-14     76     91    112    281    648
2012-02-15     77     91    111    283    647
2012-02-16     75     88    108    279    642
2012-02-17     78     89    108    281    648
2012-02-18     75     86    107    276    639
2012-02-19     74     88    109    281    649
2012-02-20     76     91    113    288    657
2012-02-21     76     89    117    292    663
2012-02-22     72     86    113    289    658
2012-02-23     72     86    111    294    653
2012-02-24     72     85    112    289    664
2012-02-25     77     92    114    290    648
2012-02-26     76     90    110    284    647
2012-02-27     76     91    107    277    645
2012-02-28     74     89    107    279    647
2012-02-29     77     90    104    283    646

#     MEAN   76.1   89.5  111.6  284.4  650.9
