


                             Solar Radio Emission
                    Single-Frequency Total Flux Observations
                        Observing Station: Nobeyama (NBYM)
                    Flux Density in 10^(-22) W m^(-2) Hz^(-1)


             1000   2000   3750   9400  17000
              MHz    MHz    MHz    MHz    MHz

2006-09-01     49     59     85    268    602
2006-09-02     48     58     85    274    630
2006-09-03     48     59     85    275    638
2006-09-04     50     60     86    276    636
2006-09-05     51     63     87    278    636
2006-09-06     53     63     87    275    615
2006-09-07     56     68     91    280    638
2006-09-08     58     71     94    280    637
2006-09-09     60     71     93    279    636
2006-09-10     58     70     93    279    639
2006-09-11     60     71     94    279    637
2006-09-12     58     68     92    272    611
2006-09-13     57     68     92    273    619
2006-09-14     55     66     90    271    620
2006-09-15     55     65     89    274    627
2006-09-16     52     63     88    272    621
2006-09-17     52     62     87    274    636
2006-09-18     50     60     85    272    621
2006-09-19     51     59     83    270    636
2006-09-20     50     57     82    271    636
2006-09-21     50     56     81    269    632
2006-09-22     50     57     81    269    639
2006-09-23     48     56     80    270    627
2006-09-24     47     54     77    268    631
2006-09-25     47     53     77    268    632
2006-09-26     47     54     78    270    635
2006-09-27     46     54     79    269    625
2006-09-28     46     55     80    271    636
2006-09-29     49     58     81    271    632
2006-09-30     50     59     83    273    640

#     MEAN   51.7   61.3   85.5  273.1  630.1
