


                             Solar Radio Emission
                    Single-Frequency Total Flux Observations
                        Observing Station: Nobeyama (NBYM)
                    Flux Density in 10^(-22) W m^(-2) Hz^(-1)


             1000   2000   3750   9400  17000
              MHz    MHz    MHz    MHz    MHz

2007-03-01     50     57     82    266    637
2007-03-02     50     57     82    277    642
2007-03-03     50     56     81    272    637
2007-03-04     50     56     80    279    642
2007-03-05     49     54     79    269    623
2007-03-06     47     54     79    266    637
2007-03-07     47     54     78    266    626
2007-03-08     47     54     79    265    631
2007-03-09     46     54     79    265    632
2007-03-10     47     53     78    265    632
2007-03-11     48     52     77    268    629
2007-03-12     47     52     78    267    622
2007-03-13     49     53     78    267    632
2007-03-14     48     53     78    265    630
2007-03-15     49     52     76    255    627
2007-03-16     46     51     76    260    627
2007-03-17     44     51     76    259    624
2007-03-18     45     51     76    262    622
2007-03-19     45     52     77    265    623
2007-03-20     46     53     78    262    624
2007-03-21     49     54     80    255    632
2007-03-22     48     55     79    252    628
2007-03-23     48     55     80    252    633
2007-03-24     49     56     80    250    630
2007-03-25     49     55     82    248    612
2007-03-26     50     57     82    254    630
2007-03-27     51     56     81    251    630
2007-03-28     51     56     81    251    634
2007-03-29     50     56     82    254    632
2007-03-30      -     56     81      -    634
2007-03-31     51     55     80    256    621

#     MEAN   48.1   54.2   79.2  261.5  629.5
