


                             Solar Radio Emission
                    Single-Frequency Total Flux Observations
                        Observing Station: Nobeyama (NBYM)
                    Flux Density in 10^(-22) W m^(-2) Hz^(-1)


             1000   2000   3750   9400  17000
              MHz    MHz    MHz    MHz    MHz

2006-01-01     69     71     94    274    658
2006-01-02     66     71     94    279    643
2006-01-03     63     68     91    272    645
2006-01-04     62     69     93    274    647
2006-01-05     59     67     91    274    646
2006-01-06     58     65     91    273    644
2006-01-07     56     64     90    274    647
2006-01-08     54     61     87    271    647
2006-01-09     54     61     87    270    648
2006-01-10     54     60     86    268    653
2006-01-11     52     59     85    267    649
2006-01-12     53     59     84    267    646
2006-01-13     54     59     85    268    650
2006-01-14     53     59     84    266    653
2006-01-15     53     60     86    267    648
2006-01-16     53     63     89    268    651
2006-01-17     55     66     91    272    646
2006-01-18     54     64     88    271    645
2006-01-19     57     66     93    275    647
2006-01-20     57     68     94    273    650
2006-01-21     59     70     98    275    643
2006-01-22     59     70     98    274    648
2006-01-23     59     71     96    274    643
2006-01-24     60     72    100    275    643
2006-01-25     61     69     96    270    641
2006-01-26     60     67     94    269    643
2006-01-27     59     66     92    269    649
2006-01-28     57     64     89    269    643
2006-01-29     57     63     88    267    645
2006-01-30     56     61     87    265    651
2006-01-31     54     60     85    273    641

#     MEAN   57.4   64.9   90.5  271.1  646.9
