


                             Solar Radio Emission
                    Single-Frequency Total Flux Observations
                        Observing Station: Nobeyama (NBYM)
                    Flux Density in 10^(-22) W m^(-2) Hz^(-1)


             1000   2000   3750   9400  17000
              MHz    MHz    MHz    MHz    MHz

2025-04-01      -      -      -      -      -
2025-04-02    112    155      -    321    647
2025-04-03    110    151    170    313    633
2025-04-04    111    151    167    311    640
2025-04-05    112    156    173    318    647
2025-04-06    112    154    168    315    649
2025-04-07    113    148    160    315    651
2025-04-08    110    141    157    314    655
2025-04-09    109    136      -    315    660
2025-04-10    111    141    153    315    661
2025-04-11    107    134    154    317    655
2025-04-12    109    140    163    332    662
2025-04-13    116    152    176    348      -
2025-04-14    111    142    161    331    660
2025-04-15    105    131    148    313    642
2025-04-16    106    131    149    311    646
2025-04-17    105    131    147    308    652
2025-04-18    105    134    151    306    653
2025-04-19    107    139    151    307    658
2025-04-20    106    141    150    305    654
2025-04-21    110    145    149    307    655
2025-04-22    114    147    152    310    660
2025-04-23    110    144    151    308      -
2025-04-24    118    156    160    314    665
2025-04-25    116    154    159    313    662
2025-04-26    115    151    152    310    658
2025-04-27    112    145    146    308    658
2025-04-28    111    141    147    312    652
2025-04-29    106    137    149    315    646
2025-04-30    104    132    149    320    650

#     MEAN  110.0  143.4  156.0  314.9  653.0
