


                             Solar Radio Emission
                    Single-Frequency Total Flux Observations
                        Observing Station: Nobeyama (NBYM)
                    Flux Density in 10^(-22) W m^(-2) Hz^(-1)


             1000   2000   3750   9400  17000
              MHz    MHz    MHz    MHz    MHz

2015-12-01     72     85    104      -    654
2015-12-02     70     83    104    287    655
2015-12-03     70     85    105    283    652
2015-12-04     68     83    105    282    646
2015-12-05     69     86    107    284    658
2015-12-06     71     89    109    284    656
2015-12-07     73     91    110    284    660
2015-12-08     75     92    109    282    660
2015-12-09     80     98    115    287    662
2015-12-10     81     97    113    287    657
2015-12-11     82     98    116    286    675
2015-12-12     83    104    122    292    661
2015-12-13     89    105    126    297    658
2015-12-14     93    114    130    300    661
2015-12-15     90    110    129    299    658
2015-12-16     94    113    129    301    656
2015-12-17     89    108    127    296    652
2015-12-18     91    109    127    293    656
2015-12-19     89    107    124    295    647
2015-12-20     93    109    128    301    663
2015-12-21     92    109    130    308    669
2015-12-22     91    113    135    309    671
2015-12-23     90    114    137    316    669
2015-12-24     91    116    143    319    690
2015-12-25     91    114    137    301    656
2015-12-26     88    108    127    292    655
2015-12-27     85    104    117    286    650
2015-12-28     85     96    113    281    649
2015-12-29     84    100    117    283    650
2015-12-30     79     94    108    279    650
2015-12-31     76     88    104    280    654

#     MEAN   83.0  100.8  119.5  292.5  658.3
