


                             Solar Radio Emission
                    Single-Frequency Total Flux Observations
                        Observing Station: Nobeyama (NBYM)
                    Flux Density in 10^(-22) W m^(-2) Hz^(-1)


             1000   2000   3750   9400  17000
              MHz    MHz    MHz    MHz    MHz

2014-03-01    115    145    159    323    659
2014-03-02    115    140    149    319    677
2014-03-03    113    142    160    315    667
2014-03-04    109    137    158    307    664
2014-03-05    119    140    165    320    663
2014-03-06    105    129    145    300    651
2014-03-07     99    124    144    301    655
2014-03-08    100    125    144    302    664
2014-03-09     95    121    139    300    657
2014-03-10     97    126    143    307    665
2014-03-11    102    129    149    310    665
2014-03-12    101    129    148    307    671
2014-03-13    104    128    151    306    663
2014-03-14    102    124    139    301    658
2014-03-15    102    125    139    300    662
2014-03-16     98    119    135    297    659
2014-03-17    101    120    135    300    659
2014-03-18     99    118    133    300    655
2014-03-19    103    122    138    304    662
2014-03-20    105    127    142    310    656
2014-03-21    107    128    144    306    651
2014-03-22    110    132    145    306    659
2014-03-23    110    133    152    310    667
2014-03-24    112    135    161    314    673
2014-03-25    111    134    152    305    657
2014-03-26    109    130    144    305    660
2014-03-27    110    131    142    303    662
2014-03-28    109    127    137    303    662
2014-03-29    108    130    141    312    669
2014-03-30    104    122    136    302    643
2014-03-31    103    126    144    309    663

#     MEAN  105.7  129.0  145.6  306.6  661.2
