


                             Solar Radio Emission
                    Single-Frequency Total Flux Observations
                        Observing Station: Nobeyama (NBYM)
                    Flux Density in 10^(-22) W m^(-2) Hz^(-1)


             1000   2000   3750   9400  17000
              MHz    MHz    MHz    MHz    MHz

2006-10-01     52     60     83    274    632
2006-10-02     54     62     86    276    633
2006-10-03     54     61     85    276    631
2006-10-04     54     61     84    275    628
2006-10-05     54     61     83    273    618
2006-10-06     55     61     84    267    601
2006-10-07     55     60     83    276    615
2006-10-08     55     60     83    279    624
2006-10-09     54     59     81    279    630
2006-10-10     53     59     83    278    636
2006-10-11     51     57     81    277    620
2006-10-12     50     57     82    274    643
2006-10-13     50     57     80    277    641
2006-10-14     49     57     80    277    638
2006-10-15     48     55     79    277    640
2006-10-16     47     54     78    276    639
2006-10-17     46     54     77    274    641
2006-10-18     46     54     79    274    642
2006-10-19     46     53     82    276    644
2006-10-20     45     54     81    277    638
2006-10-21     47     55     82    276    639
2006-10-22     48     58     86    280    647
2006-10-23     48     58     86    282    651
2006-10-24     48     57     85    280    636
2006-10-25     49     58     85    281    643
2006-10-26     48     57     84    280    645
2006-10-27     46     55     82    277    636
2006-10-28     47     56     82    279    644
2006-10-29     49     57     84    281    654
2006-10-30     48     57     83    281    643
2006-10-31     50     61     88    273    651

#     MEAN   49.8   57.6   82.6  276.8  636.2
