


                             Solar Radio Emission
                    Single-Frequency Total Flux Observations
                        Observing Station: Nobeyama (NBYM)
                    Flux Density in 10^(-22) W m^(-2) Hz^(-1)


             1000   2000   3750   9400  17000
              MHz    MHz    MHz    MHz    MHz

1996-05-01     43     51     76    252    607
1996-05-02     44     51     76    249    601
1996-05-03     43     51     76    251    616
1996-05-04     43     51     77    249    615
1996-05-05     45     52     77    250    614
1996-05-06     46     54     79    253    612
1996-05-07     47     56     81    253    616
1996-05-08     47     56     80    254    608
1996-05-09     50     59     83    257    591
1996-05-10     47     57     82    252    616
1996-05-11     50     59     83    253    617
1996-05-12     51     58     83    252    616
1996-05-13     50     58     81    252    615
1996-05-14     50     56     79    250    612
1996-05-15     48     54     79    251    615
1996-05-16     47     54     79    251    616
1996-05-17     46     54     79    252    615
1996-05-18     47     54     79    251    615
1996-05-19     45     53     78    251    615
1996-05-20     44     52     77    247    615
1996-05-21     43     50     75    248    602
1996-05-22     43     50     75    247    605
1996-05-23     44     50     75    249    615
1996-05-24     43     50     76    247    610
1996-05-25     44     50     76    247    611
1996-05-26     43     50     75    247    612
1996-05-27     44     50     75    247    611
1996-05-28     43     50     75    245    600
1996-05-29     43     50     75    246    614
1996-05-30     43     50     75    246    611
1996-05-31     44     50     75    247      -

#     MEAN   45.4   53.0   77.7  249.8  611.3
