


                             Solar Radio Emission
                    Single-Frequency Total Flux Observations
                        Observing Station: Nobeyama (NBYM)
                    Flux Density in 10^(-22) W m^(-2) Hz^(-1)


             1000   2000   3750   9400  17000
              MHz    MHz    MHz    MHz    MHz

2015-09-01     69     80     98    271    621
2015-09-02     69     80     99    271    616
2015-09-03     69     79     97    273    627
2015-09-04     69     78     97    273    618
2015-09-05     70     79     98    274    627
2015-09-06     67     76     96    270    620
2015-09-07     66     76     95    269    627
2015-09-08     65     75     95    269    611
2015-09-09     63     73     93    268    618
2015-09-10     62     72     94    268    624
2015-09-11     63     75     97    271    623
2015-09-12     65     81    107    282    627
2015-09-13     68     85    108    281    630
2015-09-14     68     85    107    282    630
2015-09-15     69     88    108    284    630
2015-09-16     68     89    114    289    638
2015-09-17     74     94    116    289    631
2015-09-18     73     92    114    286    630
2015-09-19     73     92    112    284    631
2015-09-20     74     93    114    285    636
2015-09-21     70     90    114    287    639
2015-09-22     74     93    115    282    639
2015-09-23     76     96    116    283    640
2015-09-24     78     96    114    282    631
2015-09-25     81     98    116    287    630
2015-09-26     82    103    129    292    641
2015-09-27     84    108    134    297    643
2015-09-28     84    107    135    302    645
2015-09-29     82    108    140    313    652
2015-09-30     84    110    144    313    656

#     MEAN   72.0   88.4  110.5  282.6  631.0
