


                             Solar Radio Emission
                    Single-Frequency Total Flux Observations
                        Observing Station: Nobeyama (NBYM)
                    Flux Density in 10^(-22) W m^(-2) Hz^(-1)


             1000   2000   3750   9400  17000
              MHz    MHz    MHz    MHz    MHz

2024-12-01    144    187    193    342    687
2024-12-02    140    173    177    333    677
2024-12-03    136    170    174    333    685
2024-12-04    131    164    172    334    686
2024-12-05    130    165    174    336    680
2024-12-06    130    167    176    334    678
2024-12-07    129    166    177    334    680
2024-12-08    122    162    179    332    669
2024-12-09    122    156    175    325    674
2024-12-10    117    153    170    322    673
2024-12-11    119    151    170    322    667
2024-12-12    115    143    160    318    656
2024-12-13    117    148    163    324    661
2024-12-14    118    149    163    323    662
2024-12-15    131    161    177    342    679
2024-12-16    122    151    169    331    671
2024-12-17    119    151    168    327    669
2024-12-18    118    151    172    330    672
2024-12-19    121    155    175    334    673
2024-12-20    123    156    177    329    677
2024-12-21    129    165    179    328    676
2024-12-22    133    180    197    338    679
2024-12-23    140    189    215    347    688
2024-12-24    151    208    245    362    695
2024-12-25    160    226    249    372    702
2024-12-26    171    236    249    367    706
2024-12-27    160    221    232    353    686
2024-12-28    161    227    244    376    695
2024-12-29    165    240    256    403    713
2024-12-30    152    225    236    386    716
2024-12-31    147    204    214    366    699

#     MEAN  134.6  177.5  192.8  342.0  681.7
