


                             Solar Radio Emission
                    Single-Frequency Total Flux Observations
                        Observing Station: Nobeyama (NBYM)
                    Flux Density in 10^(-22) W m^(-2) Hz^(-1)


             1000   2000   3750   9400  17000
              MHz    MHz    MHz    MHz    MHz

2023-08-01    124    160    173    319    664
2023-08-02    124    154    168    320    657
2023-08-03    118    149    166    315    656
2023-08-04    117    146    162    312    650
2023-08-05    115    149    165    317    665
2023-08-06    117    154    165    318    662
2023-08-07    112    146    162    315    660
2023-08-08    114    150    162    320    661
2023-08-09    109    140    152    311    659
2023-08-10    106    135    149    308    662
2023-08-11    108    137    156    311    656
2023-08-12    108    136    150    307    657
2023-08-13    109    132    145    303    652
2023-08-14    110    133    148    305    640
2023-08-15    113    138    152    304    649
2023-08-16    112    140    155    306    651
2023-08-17    113    141    155    307    659
2023-08-18    113    137    149    306    663
2023-08-19    109    131    144    304    651
2023-08-20    109    130    142    303    652
2023-08-21    105    127    143    302    656
2023-08-22    107    133    147    316    655
2023-08-23    111    134    151    320      -
2023-08-24    108    129    147    317    659
2023-08-25    107    128    145    313    655
2023-08-26    104    122    142    308    651
2023-08-27    105    127    146    314    648
2023-08-28    103    124    144    310    643
2023-08-29    103    125    143    308    647
2023-08-30    103    124    144    309    648
2023-08-31    104    125    143    305    655
 
#     MEAN  110.3  137.0  152.1  310.7  654.8
