


                             Solar Radio Emission
                    Single-Frequency Total Flux Observations
                        Observing Station: Nobeyama (NBYM)
                    Flux Density in 10^(-22) W m^(-2) Hz^(-1)


             1000   2000   3750   9400  17000
              MHz    MHz    MHz    MHz    MHz

2020-09-01     44     54     78    254    609
2020-09-02     45     54     78    256    610
2020-09-03     45     55     79    256    612
2020-09-04     45     54     79    256    614
2020-09-05     45     54     79    256    626
2020-09-06     45     55     78    258    618
2020-09-07     44     55     78    257    600
2020-09-08     45     55     80    260    613
2020-09-09     46     56     80    260    620
2020-09-10     45     55     80    258    617
2020-09-11     45     55     79    260    621
2020-09-12     45     54     79    260    619
2020-09-13     44     54     78    258    615
2020-09-14     44     54     78    260    623
2020-09-15     44     54     78    259    618
2020-09-16     44     55     79    260    613
2020-09-17     44     55     78    258    619
2020-09-18     45     55     80    258    615
2020-09-19     44     55     80    258    627
2020-09-20     43     54     80    257    606
2020-09-21     44     55     81    258    618
2020-09-22     44     57     83    259    625
2020-09-23     45     57     81    259    616
2020-09-24     46     58     82    259    611
2020-09-25     46     58     82    260    613
2020-09-26     46     58     83    261    606
2020-09-27     47     58     84    260    619
2020-09-28     47     58     84    259    612
2020-09-29     48     59     84    260    616
2020-09-30     48     59     84    261    619
 
#     MEAN   45.1   56.1   80.2  258.5  615.7
