


                             Solar Radio Emission
                    Single-Frequency Total Flux Observations
                        Observing Station: Nobeyama (NBYM)
                    Flux Density in 10^(-22) W m^(-2) Hz^(-1)


             1000   2000   3750   9400  17000
              MHz    MHz    MHz    MHz    MHz

2015-05-01     77     90    107    279    644
2015-05-02     76     90    107    278    639
2015-05-03     78     94    113    283    638
2015-05-04     78     95    120    288    634
2015-05-05     84    107    128    289    642
2015-05-06     88    116    137    300    648
2015-05-07     89    115    138    300    644
2015-05-08     89    123    146    301    642
2015-05-09     92    130    154    304    644
2015-05-10     93    134    154    300    646
2015-05-11     95    137    158    305    652
2015-05-12     98    141    157    303    652
2015-05-13    100    141    151    303    652
2015-05-14    103    140    145    303    658
2015-05-15    101    133    139    301    661
2015-05-16     96    120    135    296    648
2015-05-17     93    114    128    296    645
2015-05-18     89    106    121    290    639
2015-05-19     88    103    117    285    640
2015-05-20     85     98    112    283    643
2015-05-21     80     92    107    278    626
2015-05-22     77     89    105    275    627
2015-05-23     75     88    105    275    632
2015-05-24     72     86    105    275    630
2015-05-25     69     84    102    271    626
2015-05-26     71     86    104    276    634
2015-05-27     70     83    102    275    631
2015-05-28     68     81     99    272    630
2015-05-29     69     81     99    273    623
2015-05-30     69     80     98    271    630
2015-05-31     72     83    100    272    632

#     MEAN   83.3  105.1  122.5  287.1  639.7
