


                             Solar Radio Emission
                    Single-Frequency Total Flux Observations
                        Observing Station: Nobeyama (NBYM)
                    Flux Density in 10^(-22) W m^(-2) Hz^(-1)


             1000   2000   3750   9400  17000
              MHz    MHz    MHz    MHz    MHz

2012-06-01     79    101    119    283    649
2012-06-02     83    109    125    287    653
2012-06-03     86    113    128    287    653
2012-06-04     88    113    127    284    655
2012-06-05     90    113    127    284    645
2012-06-06     95    117    132    287    646
2012-06-07     91    116    132    289    657
2012-06-08     92    111    127    289    660
2012-06-09     95    109    124    286    640
2012-06-10     95    109    125    288    653
2012-06-11     97    111    127    289    656
2012-06-12    104    115    135    290    647
2012-06-13    110    119    140    292    646
2012-06-14    110    119    145    295    659
2012-06-15    110    121    149    301    657
2012-06-16    106    117    142    295    635
2012-06-17    107    114    139    299    655
2012-06-18     96    104    130    296    649
2012-06-19     91     96    122    288    643
2012-06-20     86     91    115    285    646
2012-06-21     82     84    106    276    639
2012-06-22     76     78    100    270    634
2012-06-23     70     72     92    262    633
2012-06-24     69     70     91    262    633
2012-06-25     72     71     92    264    636
2012-06-26     73     75     99    268    639
2012-06-27     74     81    106    272    641
2012-06-28     80     90    116    280    646
2012-06-29     87     95    119    279    649
2012-06-30     88    101    124    281    651

#     MEAN   89.4  101.2  121.9  283.7  646.9
