


                             Solar Radio Emission
                    Single-Frequency Total Flux Observations
                        Observing Station: Nobeyama (NBYM)
                    Flux Density in 10^(-22) W m^(-2) Hz^(-1)


             1000   2000   3750   9400  17000
              MHz    MHz    MHz    MHz    MHz

2023-05-01     94    125    145    313    646
2023-05-02     91    125    143    311    638
2023-05-03     94    131    149    319    652
2023-05-04    101    137    155    325    656
2023-05-05    100    135    153    321    655
2023-05-06    103    138    152    316    649
2023-05-07    108    137    151    313      -
2023-05-08    112    141    159    323    628
2023-05-09    111    144    169    326    650
2023-05-10    107    140    166    327    651
2023-05-11    108    143    169    324    655
2023-05-12    103    136    155    312    638
2023-05-13    103    129    144    310    639
2023-05-14     98    125    140    305    636
2023-05-15     95    122    137    300    615
2023-05-16     93    117    130    298    627
2023-05-17     94    119    133    303    643
2023-05-18     94    120    136    309    648
2023-05-19     96    131    151    320      -
2023-05-20     95    137    163    330    649
2023-05-21    101    141    162    334    658
2023-05-22    101    138    158    327    653
2023-05-23    100    132    151    308      -
2023-05-24    100    131    149    297    624
2023-05-25    104    138    156    304    636
2023-05-26    101    130    141    295    631
2023-05-27    100    130    145    303    637
2023-05-28     99    132    149    303    632
2023-05-29    101    131    149    302      -
2023-05-30    106    140    158    313    646
2023-05-31    105    141    160    315    644
 
#     MEAN  100.6  133.2  150.9  313.1  642.1
