


                             Solar Radio Emission
                    Single-Frequency Total Flux Observations
                        Observing Station: Nobeyama (NBYM)
                    Flux Density in 10^(-22) W m^(-2) Hz^(-1)


             1000   2000   3750   9400  17000
              MHz    MHz    MHz    MHz    MHz

2008-03-01     43     52     77    258    621
2008-03-02     42     51     77    256    629
2008-03-03     43     52     78    258    627
2008-03-04     43     51     78    256    624
2008-03-05     43     52     77    256    626
2008-03-06     44     53     79    257    628
2008-03-07     44     53     79    259    628
2008-03-08     45     53     79    259    635
2008-03-09     45     53     79    258    638
2008-03-10     44     54     80    258    627
2008-03-11     44     54     80    260    635
2008-03-12     44     53     79    258    631
2008-03-13     43     53     79    257    627
2008-03-14     43     53     78    257    628
2008-03-15     43     53     81    257    629
2008-03-16     44     53     79    258    632
2008-03-17     45     54     79    257    630
2008-03-18     44     53     80    258    633
2008-03-19     44     53     78    257    627
2008-03-20     43     51     75    257    621
2008-03-21     42     51     77    255    624
2008-03-22     43     52     78    258    632
2008-03-23     44     53     79    258    634
2008-03-24     46     56     83    258    618
2008-03-25     48     62     92    263    631
2008-03-26     50     65     95    264    623
2008-03-27     52     67     95    265    631
2008-03-28     51     67     90    263    629
2008-03-29     51     64     87    262    626
2008-03-30     52     65     88    262    626
2008-03-31     50     64     87    262    625

#     MEAN   45.2   55.5   81.4  258.7  628.1
