


                             Solar Radio Emission
                    Single-Frequency Total Flux Observations
                        Observing Station: Nobeyama (NBYM)
                    Flux Density in 10^(-22) W m^(-2) Hz^(-1)


             1000   2000   3750   9400  17000
              MHz    MHz    MHz    MHz    MHz

2011-03-01     61     80    108    279    647
2011-03-02     65     88    118    287    652
2011-03-03     66     90    115    290    642
2011-03-04     71    100    128    296    651
2011-03-05     75    102    132    304    661
2011-03-06     78    111    146    308    663
2011-03-07     79    112    157    314    672
2011-03-08     84    119    161    320    668
2011-03-09     81    116    154    310    669
2011-03-10     79    107    138    309    658
2011-03-11     78    102    137    298    656
2011-03-12     76     99    129    294    651
2011-03-13     77     98    127    290    655
2011-03-14     74     91    115    285    650
2011-03-15     70     84    108    280    646
2011-03-16     69     82    104    281    639
2011-03-17     67     81    100    279    633
2011-03-18     61     74     94    272    639
2011-03-19     60     71     91    270    641
2011-03-20     60     73     95    273    648
2011-03-21     61     75     99    282    642
2011-03-22     64     81    103    278    638
2011-03-23     64     83    107    283    641
2011-03-24     64     84    107    283    641
2011-03-25     69     88    111    282    639
2011-03-26     73     91    114    284    635
2011-03-27     77     98    116    288    645
2011-03-28     77     96    118    285    648
2011-03-29     82    101    121    289    651
2011-03-30     82     98    116    284    649
2011-03-31     85    101    117    286    643

#     MEAN   71.9   92.8  118.9  289.1  648.8
