


                             Solar Radio Emission
                    Single-Frequency Total Flux Observations
                        Observing Station: Nobeyama (NBYM)
                    Flux Density in 10^(-22) W m^(-2) Hz^(-1)


             1000   2000   3750   9400  17000
              MHz    MHz    MHz    MHz    MHz

2016-08-01     48     57     79    252    623
2016-08-02     49     58     80    252    615
2016-08-03     50     59     81    251    617
2016-08-04     50     60     82    256    622
2016-08-05     51     63     85    257    623
2016-08-06     53     66     89    259    623
2016-08-07     55     69     94    263    627
2016-08-08     58     77    102    270    638
2016-08-09     61     78    103    270    631
2016-08-10     60     76     98    266    635
2016-08-11     62     78     97    266    632
2016-08-12     63     78     98    265    634
2016-08-13     62     76     97    263    631
2016-08-14     62     76     94    263    632
2016-08-15     62     73     93    263    620
2016-08-16     60     72     92    261    626
2016-08-17     58     70     91    262    627
2016-08-18     57     68     89    261    626
2016-08-19     55     67     87    261    626
2016-08-20     54     66     87    259    623
2016-08-21     53     64     86    260    627
2016-08-22     53     63     84    258    622
2016-08-23     53     65     88    260    623
2016-08-24     53     65     86    258    624
2016-08-25     53     65     85    257    624
2016-08-26     54     66     88    260    632
2016-08-27     56     69     90    258    628
2016-08-28     57     70     90    261    623
2016-08-29     58     73     94    265    628
2016-08-30     59     76     96    267    640
2016-08-31     60     81    104    276    633

#     MEAN   56.1   69.1   90.6  261.3  627.0
