


                             Solar Radio Emission
                    Single-Frequency Total Flux Observations
                        Observing Station: Nobeyama (NBYM)
                    Flux Density in 10^(-22) W m^(-2) Hz^(-1)


             1000   2000   3750   9400  17000
              MHz    MHz    MHz    MHz    MHz

2015-03-01     98    113    129    302    650
2015-03-02     98    117    122    306    647
2015-03-03     99    116    134    310    658
2015-03-04     97    111    125    300    651
2015-03-05     97    109    125    300    652
2015-03-06     98    115    132    307    661
2015-03-07     96    111    126    300    654
2015-03-08     99    114    132    314    651
2015-03-09     96    108    123    297    647
2015-03-10     92    107    124    302    641
2015-03-11     91    103    121    303    638
2015-03-12     97    112    132    317    655
2015-03-13     91    106    125    313    648
2015-03-14     87    103    121    303    645
2015-03-15     84     98    121    302    642
2015-03-16     87    104    122    304    650
2015-03-17     83    100    120    301    648
2015-03-18     83    102    120    302    658
2015-03-19     82     97    113    294    637
2015-03-20     79     93    113    296    653
2015-03-21     81     96    114    293    641
2015-03-22     84    101    118    294    646
2015-03-23     89    109    126    299    642
2015-03-24     91    115    131    304    643
2015-03-25     95    117    132    310    648
2015-03-26     99    122    134    309    655
2015-03-27    101    123    131    309    663
2015-03-28    103    126    142    308    656
2015-03-29    106    131    150    322    662
2015-03-30    103    126    139    320    665
2015-03-31    102    119    134    312    661

#     MEAN   93.2  110.4  126.9  304.9  650.7
