


                             Solar Radio Emission
                    Single-Frequency Total Flux Observations
                        Observing Station: Nobeyama (NBYM)
                    Flux Density in 10^(-22) W m^(-2) Hz^(-1)


             1000   2000   3750   9400  17000
              MHz    MHz    MHz    MHz    MHz

2015-08-01     79     87    106    275    626
2015-08-02      -      -      -      -      -
2015-08-03     80     91    107    280    629
2015-08-04     80     92    108    280    637
2015-08-05     82     95    112    282    628
2015-08-06     82     98    121    286    627
2015-08-07     82    102    129    293    635
2015-08-08     84    105    133    297    637
2015-08-09     85    104    136    298    636
2015-08-10     76     95    123    287    628
2015-08-11     75     91    116    281    626
2015-08-12     72     87    110    277    623
2015-08-13     70     84    103    273    623
2015-08-14     67     80    101    273    623
2015-08-15     67     80     98    271    629
2015-08-16     66     78     96    270    628
2015-08-17     63     74     93    267    620
2015-08-18     63     75     96    270    626
2015-08-19     64     77     99    271    627
2015-08-20     65     83    106    275    632
2015-08-21     66     86    113    284    633
2015-08-22     70     96    130    294    644
2015-08-23     71     98    131    296    640
2015-08-24     76    104    143    304    636
2015-08-25     73    101    134    300    627
2015-08-26     79    104    132    300    626
2015-08-27     78    101    129    297    636
2015-08-28     74     94    119    289    636
2015-08-29     75     94    118    284    625
2015-08-30     72     85    108    283    624
2015-08-31     69     81     99    273    625

#     MEAN   73.4   90.7  114.9  283.7  629.7
