


                             Solar Radio Emission
                    Single-Frequency Total Flux Observations
                        Observing Station: Nobeyama (NBYM)
                    Flux Density in 10^(-22) W m^(-2) Hz^(-1)


             1000   2000   3750   9400  17000
              MHz    MHz    MHz    MHz    MHz

2009-04-01     47     54     79    257    625
2009-04-02     45     53     78    257    618
2009-04-03     45     53     77    257    624
2009-04-04     45     53     77    256    624
2009-04-05     45     53     77    257    622
2009-04-06     45     52     77    256    625
2009-04-07     45     52     77    256    625
2009-04-08     45     53     77    256    626
2009-04-09     46     53     78    256    627
2009-04-10     45     53     77    256    626
2009-04-11     46     53     78    257    634
2009-04-12     46     53     77    255    628
2009-04-13     46     53     77    256    629
2009-04-14     44     52     76    250    629
2009-04-15     45     52     77    256    623
2009-04-16     46     53     77    256    628
2009-04-17     47     53     77    254    590
2009-04-18     46     53     77    257    625
2009-04-19     45     53     77    257    627
2009-04-20     45     53     77    256    621
2009-04-21     45     53     77    255    618
2009-04-22     46     53     78    256    624
2009-04-23     45     54     78    256    620
2009-04-24     45     53     77    255    620
2009-04-25     44     52     75    246    586
2009-04-26     44     52     76    254    613
2009-04-27     43     51     76    254    606
2009-04-28     43     51     75    252    612
2009-04-29     44     52     76    253    616
2009-04-30     44     53     77    253    620

#     MEAN   45.1   52.8   76.9  255.0  620.2
