


                             Solar Radio Emission
                    Single-Frequency Total Flux Observations
                        Observing Station: Nobeyama (NBYM)
                    Flux Density in 10^(-22) W m^(-2) Hz^(-1)


             1000   2000   3750   9400  17000
              MHz    MHz    MHz    MHz    MHz

2010-09-01     53     62     86    261    635
2010-09-02     55     63     87    262    637
2010-09-03     54     63     87    262    636
2010-09-04     57     65     88    261    639
2010-09-05     60     68     92    265    640
2010-09-06     59     68     92    264    640
2010-09-07     55     66     89    263    638
2010-09-08     56     64     86    264    627
2010-09-09     56     64     87    265    639
2010-09-10     54     61     86    263    638
2010-09-11     55     63     88    264    644
2010-09-12     56     66     90    264    641
2010-09-13     57     67     90    264    644
2010-09-14     59     69     90    265    649
2010-09-15     58     69     91    263    635
2010-09-16     59     71     92    272    654
2010-09-17     60     72     93    270    645
2010-09-18     62     73     94    269    640
2010-09-19     62     73     93    270    650
2010-09-20     62     73     94    270    644
2010-09-21     64     77     99    275    657
2010-09-22     63     73     98    272    650
2010-09-23     62     74     96    279    633
2010-09-24     61     74     97    273    617
2010-09-25     63     75     99    273    636
2010-09-26     62     74     97    272    636
2010-09-27     61     73     97    277    628
2010-09-28     60     73     98    283    648
2010-09-29     61     74     99    275    638
2010-09-30     60     74    100    275    636

#     MEAN   58.9   69.4   92.6  268.5  639.8
