


                             Solar Radio Emission
                    Single-Frequency Total Flux Observations
                        Observing Station: Nobeyama (NBYM)
                    Flux Density in 10^(-22) W m^(-2) Hz^(-1)


             1000   2000   3750   9400  17000
              MHz    MHz    MHz    MHz    MHz

2009-02-01     46     55     80    266    631
2009-02-02     47     54     79    264    636
2009-02-03     46     54     80    264    635
2009-02-04     46     54     79    263    637
2009-02-05     46     54     79    264    640
2009-02-06     46     54     79    266    636
2009-02-07     46     54     80    265    639
2009-02-08     46     54     80    266    636
2009-02-09     46     54     80    265    633
2009-02-10     46     54     79    265    638
2009-02-11     46     54     80    264    634
2009-02-12     46     54     79    264    637
2009-02-13     45     54     80    262    637
2009-02-14     48     55     80    264    644
2009-02-15     47     52     80    263    641
2009-02-16     46     54     80    264    634
2009-02-17     46     53     80    265    631
2009-02-18     46     55     80    265    633
2009-02-19     45     53     79    264    632
2009-02-20     45     54     80    262    630
2009-02-21     45     53     80    262    630
2009-02-22     46     54     80    262    633
2009-02-23     46     54     80    265    613
2009-02-24     45     53     81    265    612
2009-02-25     46     54     82    265    635
2009-02-26     45     54     79    262    620
2009-02-27     46     54     80    264    620
2009-02-28     46     55     81    262    628

#     MEAN   46.0   53.9   79.9  263.9  632.4
