


                             Solar Radio Emission
                    Single-Frequency Total Flux Observations
                        Observing Station: Nobeyama (NBYM)
                    Flux Density in 10^(-22) W m^(-2) Hz^(-1)


             1000   2000   3750   9400  17000
              MHz    MHz    MHz    MHz    MHz

2008-12-01     46     54     79    264    643
2008-12-02     48     54     80    264    646
2008-12-03     48     54     80    265    643
2008-12-04     51     54     80    264    643
2008-12-05     49     55     81    264    635
2008-12-06     50     54     80    267    641
2008-12-07     51     55     80    267    639
2008-12-08     51     55     80    266    644
2008-12-09     49     54     79    264    637
2008-12-10     49     55     80    265    647
2008-12-11     51     56     81    265    650
2008-12-12     50     55     81    266    651
2008-12-13     53     55     81    266    648
2008-12-14     50     55     78      -      -
2008-12-15     50     57     80    266    647
2008-12-16     50     55     81    266    645
2008-12-17     50     55     80    265    647
2008-12-18     50     56     80    264    645
2008-12-19     51     55     80    266    647
2008-12-20     52     55     80    266    647
2008-12-21     51     55     80    265    649
2008-12-22     48     54     80    266    640
2008-12-23     47     54     80    266    642
2008-12-24     49     54     80    267    643
2008-12-25     49     55     80    267    646
2008-12-26     48     56     82    270    641
2008-12-27     48     55     81    268    646
2008-12-28     48     55     81    268    643
2008-12-29     49     55     81    267    650
2008-12-30     50     55     81    266    650
2008-12-31     48     55     80    268    644

#     MEAN   49.5   54.9   80.2  265.9  644.6
