


                             Solar Radio Emission
                    Single-Frequency Total Flux Observations
                        Observing Station: Nobeyama (NBYM)
                    Flux Density in 10^(-22) W m^(-2) Hz^(-1)


             1000   2000   3750   9400  17000
              MHz    MHz    MHz    MHz    MHz

2009-07-01     47     53     76    252    616
2009-07-02     46     52     76    250    602
2009-07-03     45     51     75    251    612
2009-07-04     46     52     76    253    613
2009-07-05     47     55     80    255    613
2009-07-06     47     55     79    252    614
2009-07-07     46     54     77    252    614
2009-07-08     46     55     80    252    596
2009-07-09     46     54     77    252    611
2009-07-10     45     53     77    253    608
2009-07-11     44     52     76    252    612
2009-07-12     45     52     76    254    604
2009-07-13     45     52     76    253    602
2009-07-14     44     51     75    251    612
2009-07-15     44     51     75    254      -
2009-07-16     43     50     75    251    608
2009-07-17     44     51     75    252    604
2009-07-18     42     50     74    250    604
2009-07-19     44     52     76    252    616
2009-07-20     45     52     76    254    616
2009-07-21     45     52     77    249    608
2009-07-22     46     53     76    254    610
2009-07-23     44     52     76    253    604
2009-07-24     44     52     76    251    596
2009-07-25     45     53     76    254    613
2009-07-26     45     52     76    253    613
2009-07-27     44     52     75    246    615
2009-07-28     45     53     76    253    609
2009-07-29     45     52     76    250    582
2009-07-30     45     52     76    253    614
2009-07-31     46     52     77    252    611

#     MEAN   45.0   52.4   76.3  252.0  608.5
