


                             Solar Radio Emission
                    Single-Frequency Total Flux Observations
                        Observing Station: Nobeyama (NBYM)
                    Flux Density in 10^(-22) W m^(-2) Hz^(-1)


             1000   2000   3750   9400  17000
              MHz    MHz    MHz    MHz    MHz

2013-09-01     79     90    110    276    647
2013-09-02     79     90    108    276    645
2013-09-03     81     92    111    280    650
2013-09-04     79     91    114    282    658
2013-09-05     80     94    116    281    650
2013-09-06     79     91    115    285    659
2013-09-07     75     86    109    280    651
2013-09-08     74     84    106    276    644
2013-09-09     74     82    103    276    650
2013-09-10     75     81    102    275    652
2013-09-11     75     81    102    274    654
2013-09-12     75     79    100    273    643
2013-09-13     75     79    100    274    647
2013-09-14     73     78    100    275    646
2013-09-15     73     79    100    272    638
2013-09-16     72     81    101    271    640
2013-09-17     73     81    104    276    639
2013-09-18     74     84    107    278    646
2013-09-19     78     90    113    282    654
2013-09-20     78     91    113    284    651
2013-09-21     80     95    116    285    655
2013-09-22     83     98    116    286    660
2013-09-23     84     98    114    282    651
2013-09-24     85     96    113    284    650
2013-09-25     87     98    114    286    660
2013-09-26     84     98    116    284    647
2013-09-27     84     96    114    281    647
2013-09-28     82     94    113    280    641
2013-09-29     81     94    114    283    650
2013-09-30     84     94    118    288    658

#     MEAN   78.5   88.9  109.4  279.5  649.4
