


                             Solar Radio Emission
                    Single-Frequency Total Flux Observations
                        Observing Station: Nobeyama (NBYM)
                    Flux Density in 10^(-22) W m^(-2) Hz^(-1)


             1000   2000   3750   9400  17000
              MHz    MHz    MHz    MHz    MHz

2004-12-01     78     90    110    294    657
2004-12-02     78     91    111    295    658
2004-12-03     76     90    111    298    666
2004-12-04     71     83    104    293    660
2004-12-05     71     80    101    293    655
2004-12-06     72     79    100    291    653
2004-12-07     69     77     98    291    658
2004-12-08     66     74     96    285    657
2004-12-09     64     72     94    286    650
2004-12-10     64     71     93    285    659
2004-12-11     62     71     93    283    655
2004-12-12     64     74     97    287    655
2004-12-13     64     74     97    287    656
2004-12-14     62     72     96    287    657
2004-12-15     63     72     96    289    659
2004-12-16     63     72     96    289    655
2004-12-17     63     74     98    290    654
2004-12-18     64     73     96    289    663
2004-12-19     66     75     97    290    656
2004-12-20     69     77     98    290    654
2004-12-21     72     80    101    290    651
2004-12-22     75     82    103    291    651
2004-12-23     76     82    102    290    652
2004-12-24     74     79     99    289    650
2004-12-25     75     79     99    290    654
2004-12-26     76     79     99    289    650
2004-12-27     75     79    100    292    656
2004-12-28     76     81    106    297    658
2004-12-29     75     85    108    306    651
2004-12-30     73     81    100    295    659
2004-12-31     71     81    103    297    667

#     MEAN   69.9   78.3  100.0  290.9  656.0
