


                             Solar Radio Emission
                    Single-Frequency Total Flux Observations
                        Observing Station: Nobeyama (NBYM)
                    Flux Density in 10^(-22) W m^(-2) Hz^(-1)


             1000   2000   3750   9400  17000
              MHz    MHz    MHz    MHz    MHz

2012-09-01     99    124    148    310    690
2012-09-02     99    126    148    307    686
2012-09-03     97    121    140    300    672
2012-09-04     96    122    144    300    649
2012-09-05     96    121    139    296    664
2012-09-06     92    116    131    294    650
2012-09-07     89    112    128    293    663
2012-09-08     86    113    138    300    669
2012-09-09     84    110    134    298    668
2012-09-10     78    101    123    290    665
2012-09-11     76     94    116    288    668
2012-09-12     74     88    112    287    659
2012-09-13     72     87    109    284    644
2012-09-14      -     84      -    278    653
2012-09-15     73     86    106    279    654
2012-09-16     72     84    103    280    658
2012-09-17     74     85    106    281    653
2012-09-18     75     87    108    284    659
2012-09-19     78     91    113    286    638
2012-09-20     82     98    117    288    663
2012-09-21     86    102    121    290    659
2012-09-22     90    104    122    291    667
2012-09-23     97    113    130    295    651
2012-09-24    101    117    133    300    661
2012-09-25    107    123    139    305    670
2012-09-26    106    123    139    305    667
2012-09-27    108    122    139    305    664
2012-09-28    106    120    140    307    670
2012-09-29    105    124    144    312    675
2012-09-30     99    118    138    306    675

#     MEAN   89.5  107.2  127.8  294.7  662.8
