


                             Solar Radio Emission
                    Single-Frequency Total Flux Observations
                        Observing Station: Nobeyama (NBYM)
                    Flux Density in 10^(-22) W m^(-2) Hz^(-1)


             1000   2000   3750   9400  17000
              MHz    MHz    MHz    MHz    MHz

2013-02-01     77     88    110    283    662
2013-02-02     78     90    112    290    667
2013-02-03     79     93    117    285    664
2013-02-04     83     96    117    290    663
2013-02-05     80     91    111    281    658
2013-02-06     85     95    115    287    663
2013-02-07     81     88    109    281    659
2013-02-08     78     88    109    274    650
2013-02-09     81     89    111    277    653
2013-02-10     85     92    113    281    659
2013-02-11     83     90    111    278    650
2013-02-12     81     90    111    278    649
2013-02-13     80     89    109    279    656
2013-02-14     76     85    104    278    651
2013-02-15     75     85    104    277    648
2013-02-16     74     84    105    276    639
2013-02-17     75     89    114    280    653
2013-02-18     75     89    114    285    648
2013-02-19     75     90    112    287    645
2013-02-20     80     97    124    290    651
2013-02-21     78     96    121    286    655
2013-02-22     76     91    115    280    648
2013-02-23     74     87    108    274    647
2013-02-24     71     82    104    270    641
2013-02-25     67     78    100    268    642
2013-02-26     69     82    104    275    651
2013-02-27     71     84    106    281    656
2013-02-28     73     87    110    279    655

#     MEAN   77.2   88.7  110.7  280.4  653.0
