


                             Solar Radio Emission
                    Single-Frequency Total Flux Observations
                        Observing Station: Nobeyama (NBYM)
                    Flux Density in 10^(-22) W m^(-2) Hz^(-1)


             1000   2000   3750   9400  17000
              MHz    MHz    MHz    MHz    MHz

2016-01-01     71     86    104    278    651
2016-01-02     78    106    115    290    674
2016-01-03     72     88    106    285    658
2016-01-04     73     90    107    284    657
2016-01-05     72     85    102    279    654
2016-01-06     73     86    102    280    652
2016-01-07     76     89    106    282    654
2016-01-08     80     94    110    284    654
2016-01-09     86     98    114    287    653
2016-01-10     85     98    113    286    659
2016-01-11     84     98    115    286    651
2016-01-12     81     95    112    282    638
2016-01-13     80     94    111    282    646
2016-01-14     78     92    110    284    649
2016-01-15     78     93    110    283    653
2016-01-16     78     91    109    282    649
2016-01-17     76     89    106    280    643
2016-01-18      -      -      -      -      -
2016-01-19     74     86    105    274    641
2016-01-20     73     85    104    280    649
2016-01-21     75     88    110    284    656
2016-01-22     76     92    109    280    655
2016-01-23     72     87    105    277    641
2016-01-24     72     89    107    278    640
2016-01-25     74     91    110    281    648
2016-01-26     74     95    113    283    653
2016-01-27     77     97    116    288    661
2016-01-28     76    102    120    290    660
2016-01-29     74     96    118    286    631
2016-01-30     77     95    114    294    656
2016-01-31     72     90    111    285    652

#     MEAN   76.2   92.2  109.8  283.2  651.2
