


                             Solar Radio Emission
                    Single-Frequency Total Flux Observations
                        Observing Station: Nobeyama (NBYM)
                    Flux Density in 10^(-22) W m^(-2) Hz^(-1)


             1000   2000   3750   9400  17000
              MHz    MHz    MHz    MHz    MHz

2021-11-01     77     92    109    285    641
2021-11-02     75     91    108    288    631
2021-11-03     69     83    100    276    629
2021-11-04     68     80     99    275    632
2021-11-05     67     79     99    275    634
2021-11-06     67     79     99    276    634
2021-11-07     65     77     97    274    635
2021-11-08     59     76     97    274    631
2021-11-09     60     77     98    276      -
2021-11-10     59     78     98    272    625
2021-11-11     58     75     94    270    627
2021-11-12     56     71     91    268    629
2021-11-13     57     71     92    270    632
2021-11-14     56     68     90    269    634
2021-11-15     55     67     90    270    644
2021-11-16     54     66     89    268    635
2021-11-17     55     68     90    271    634
2021-11-18     55     67     89    268    631
2021-11-19     54     66     89    267    634
2021-11-20     54     65     88    268    636
2021-11-21     54     67     89    269    636
2021-11-22     55     67     89    268    628
2021-11-23     56     67     89    266    625
2021-11-24     57     70     91    267    630
2021-11-25     60     72     92    268    630
2021-11-26     60     74     94    269    630
2021-11-27     60     77     97    270      -
2021-11-28     60     78     99    273    631
2021-11-29     62     78     98    273    631
2021-11-30     62     78    100    276    636
 
#     MEAN   60.3   74.1   94.8  272.0  632.3
