


                             Solar Radio Emission
                    Single-Frequency Total Flux Observations
                        Observing Station: Nobeyama (NBYM)
                    Flux Density in 10^(-22) W m^(-2) Hz^(-1)


             1000   2000   3750   9400  17000
              MHz    MHz    MHz    MHz    MHz

2024-10-01    160    209    217    366    697
2024-10-02    160    225    263    404    727
2024-10-03    165    246    275    415    736
2024-10-04    173    260    293    459    726
2024-10-05    159    240    296    442    694
2024-10-06    158    239    285    446    720
2024-10-07    150    222    264    416    704
2024-10-08    147    211    261    406    696
2024-10-09    148    195    225    373    690
2024-10-10    142    197    229    381    662
2024-10-11    136    191    230    369      -
2024-10-12    133    190    213    376      -
2024-10-13    131    186    215    367      -
2024-10-14    124    169    194    346    659
2024-10-15    126    166    184    344    665
2024-10-16    125    160    170    340    677
2024-10-17    122    155    170    334    689
2024-10-18    121    155    171    328    672
2024-10-19    122    154    163    327    669
2024-10-20    119    145    160    317    659
2024-10-21    121    149    166    327    668
2024-10-22    121    152    167    331    684
2024-10-23      -    160    172    332    669
2024-10-24    134    174    186    346    688
2024-10-25      -    180    199    346    680
2024-10-26      -    194    211    355    693
2024-10-27      -    217    237    371    702
2024-10-28      -    223    238    367    690
2024-10-29      -    232    249    398    701
2024-10-30      -    237    252    394    703
2024-10-31      -    243    259    412    717

#     MEAN  139.0  196.1  219.8  372.1  690.6
