


                             Solar Radio Emission
                    Single-Frequency Total Flux Observations
                        Observing Station: Nobeyama (NBYM)
                    Flux Density in 10^(-22) W m^(-2) Hz^(-1)


             1000   2000   3750   9400  17000
              MHz    MHz    MHz    MHz    MHz

2013-10-01     79     93    112    283    651
2013-10-02     78     92    114    285    660
2013-10-03     82     98    121    289    661
2013-10-04     79     96    118    286    651
2013-10-05     78     93    113    284    655
2013-10-06     77     91    111    284    654
2013-10-07     79     93    114    285    660
2013-10-08     79     96    116    287    669
2013-10-09     83     99    118    291    658
2013-10-10     82    100    122    292    666
2013-10-11     84    104    129    301    669
2013-10-12     87    110    136    307    674
2013-10-13     86    111    137    304    664
2013-10-14     87    110    132    299    665
2013-10-15     87    109    136    311    678
2013-10-16     86    107    131    304    657
2013-10-17     90    113    138    305    660
2013-10-18     93    117    143    314    670
2013-10-19     95    118    141    311    673
2013-10-20     95    117    137    305    650
2013-10-21     96    117    140    306    660
2013-10-22     94    113    136    304    653
2013-10-23    100    126    156    319    663
2013-10-24    102    130    158    318    659
2013-10-25    105    134    171    327    666
2013-10-26    101    131    163    323    667
2013-10-27     99    127    164    322    655
2013-10-28     97    137    179    343    666
2013-10-29     98    130    168    330    680
2013-10-30     96    123    157    320    670
2013-10-31     93    118    148    309    665

#     MEAN   89.2  111.4  137.4  304.6  662.8
