


                             Solar Radio Emission
                    Single-Frequency Total Flux Observations
                        Observing Station: Nobeyama (NBYM)
                    Flux Density in 10^(-22) W m^(-2) Hz^(-1)


             1000   2000   3750   9400  17000
              MHz    MHz    MHz    MHz    MHz

2006-06-01     54     60     84    264    626
2006-06-02     53     60     83    265    620
2006-06-03     53     59     83    262    625
2006-06-04     52     58     83    260    620
2006-06-05     53     59     84    262    621
2006-06-06     55     60     84    260    620
2006-06-07     54     61     85    265    616
2006-06-08     54     63     88    262    617
2006-06-09     53     62     84    262    609
2006-06-10     58     62     83    261    617
2006-06-11     55     59     82    261    608
2006-06-12     55     59     81    261    618
2006-06-13     54     58     81    262    625
2006-06-14     53     60     83    262    624
2006-06-15     53     58     83    262    619
2006-06-16     54     59     83    264    613
2006-06-17     52     58     82    262    624
2006-06-18     52     57     80    262    603
2006-06-19     53     57     81    262    623
2006-06-20     53     57     80    260    622
2006-06-21     52     56     79    260    618
2006-06-22     54     56     79    262    599
2006-06-23     52     55     79    259    617
2006-06-24     53     55     79    256    618
2006-06-25     53     56     80    265    617
2006-06-26     55     58     82    265    599
2006-06-27     55     60     84    267    626
2006-06-28     55     61     87    270    622
2006-06-29     57     65     91    272    626
2006-06-30     58     67     92    272    626

#     MEAN   54.0   59.1   83.0  262.9  618.0
