


                             Solar Radio Emission
                    Single-Frequency Total Flux Observations
                        Observing Station: Nobeyama (NBYM)
                    Flux Density in 10^(-22) W m^(-2) Hz^(-1)


             1000   2000   3750   9400  17000
              MHz    MHz    MHz    MHz    MHz

2004-07-01     63     66     88    256    609
2004-07-02     62     65     88    256    607
2004-07-03     59     64     87    254    600
2004-07-04     59     64     86    254    607
2004-07-05     57     63     85    255    614
2004-07-06     58     63     86    255    607
2004-07-07     56     62     85    253    602
2004-07-08     56     63     86    255    608
2004-07-09     58     67     91    259    608
2004-07-10     60     69     92    258    606
2004-07-11     62     75     99    266    622
2004-07-12     67     85    111    276    628
2004-07-13     73     98    127    288    631
2004-07-14     76    103    136    295    635
2004-07-15     78    110    140    296    646
2004-07-16     83    116    144    305    654
2004-07-17     84    119    151    305    635
2004-07-18     88    124    159    314    652
2004-07-19     92    129    166    313    641
2004-07-20     95    132    178    313    635
2004-07-21     91    131    182    311    646
2004-07-22     96    138    193    331    653
2004-07-23     90    134    188    318    650
2004-07-24     80    115    164    299    635
2004-07-25     78    107    154    295    630
2004-07-26     76    104    147    297    634
2004-07-27     70     97    136    294    635
2004-07-28     65     85    119    280    627
2004-07-29     61     78    108    295    650
2004-07-30     60     75    103    279    626
2004-07-31     56     69     93    274    621

#     MEAN   71.3   92.7  124.9  283.8  627.5
