


                             Solar Radio Emission
                    Single-Frequency Total Flux Observations
                        Observing Station: Nobeyama (NBYM)
                    Flux Density in 10^(-22) W m^(-2) Hz^(-1)


             1000   2000   3750   9400  17000
              MHz    MHz    MHz    MHz    MHz

2010-03-01     52     61     84    265    640
2010-03-02     53     63     86    271    639
2010-03-03     53     63     87    273    634
2010-03-04     53     63     86    268    630
2010-03-05     54     63     87    272    646
2010-03-06     52     61     85    269    625
2010-03-07     53     62     84    270    629
2010-03-08     53     62     81    264    627
2010-03-09     53     61     83    272    623
2010-03-10     54     62     84    262    612
2010-03-11     54     63     86    268    631
2010-03-12     56     66     89    268    633
2010-03-13     58     68     94    271    639
2010-03-14     61     69     96    273    640
2010-03-15     59     70     92    270    631
2010-03-16     59     70     91    270    636
2010-03-17     58     69     88    269    633
2010-03-18     58     69     90    270    638
2010-03-19     59     69     90    269    635
2010-03-20     58     67     89    269    639
2010-03-21     57     68     89    270    628
2010-03-22     57     66     88    268    629
2010-03-23     56     65     86    266    634
2010-03-24     57     63     83    271    596
2010-03-25     57     67     90    279    587
2010-03-26     58     69     94    273    629
2010-03-27     56     67     93    274    627
2010-03-28     56     67     93    272    633
2010-03-29     55     68     91    269    619
2010-03-30     54     65     87    265    617
2010-03-31     54     65     89    265    624

#     MEAN   55.7   65.5   88.1  269.5  628.5
