


                             Solar Radio Emission
                    Single-Frequency Total Flux Observations
                        Observing Station: Nobeyama (NBYM)
                    Flux Density in 10^(-22) W m^(-2) Hz^(-1)


             1000   2000   3750   9400  17000
              MHz    MHz    MHz    MHz    MHz

2004-08-01     56     67     91    276    624
2004-08-02     57     68     91    273    622
2004-08-03     58     69     92    272    619
2004-08-04     60     71     94    275    625
2004-08-05     60     70     91    270    605
2004-08-06     62     73     96    278    628
2004-08-07     64     75     99    282    631
2004-08-08     66     78    102    281    629
2004-08-09     69     85    112    292    640
2004-08-10     72     91    123    299    626
2004-08-11     75     99    136    311    640
2004-08-12     81    104    144    314    646
2004-08-13     85    112    158    314    650
2004-08-14     87    112    151    323    651
2004-08-15     86    113    152    336    633
2004-08-16     84    112    151    322    648
2004-08-17     82    107    142    322    642
2004-08-18     80    103    136    313    653
2004-08-19     80    103    133    311    652
2004-08-20     76     97    124    297    645
2004-08-21     75     97    123    296    636
2004-08-22     73     95    118    293    637
2004-08-23     73     92    114    295    613
2004-08-24     70     88    109    287    635
2004-08-25     71     87    110    287    641
2004-08-26     67     83    108    287    635
2004-08-27     64     77     99    281    627
2004-08-28     61     72     93    276    618
2004-08-29     61     71     92    278    625
2004-08-30     61     72     94    279    624
2004-08-31     62     73     96    281    633

#     MEAN   70.2   87.6  115.4  293.5  633.2
