


                             Solar Radio Emission
                    Single-Frequency Total Flux Observations
                        Observing Station: Nobeyama (NBYM)
                    Flux Density in 10^(-22) W m^(-2) Hz^(-1)


             1000   2000   3750   9400  17000
              MHz    MHz    MHz    MHz    MHz

2016-03-01     66     79    103    268    636
2016-03-02     69     83    109    273    645
2016-03-03     72     89    112    275    645
2016-03-04     74     89    112    275    649
2016-03-05     73     88    111    276    644
2016-03-06     73     85    108    276    647
2016-03-07     72     83    108    276    643
2016-03-08     72     83    105    275    647
2016-03-09     71     82    106    280    639
2016-03-10     71     86    106    284      -
2016-03-11     70     85    104    272    628
2016-03-12     67     83    106    270    631
2016-03-13     66     82    107    272    633
2016-03-14     65     85    104      -      -
2016-03-15     63     82    103    272    636
2016-03-16     64     80    106    270    636
2016-03-17     63     80    105    271    644
2016-03-18     63     79    104    270    639
2016-03-19     63     78    103    272    640
2016-03-20     62     78    101    270    632
2016-03-21     62     76     99    267    633
2016-03-22     63     78    101    269    633
2016-03-23     62     76     98    268    632
2016-03-24     60     74     94    267    629
2016-03-25     59     75     93    268    628
2016-03-26     58     72     94    268    629
2016-03-27     59     74     95    269    632
2016-03-28     60     76     97    272    635
2016-03-29     60     75     96    271    634
2016-03-30     59     74     95    270    634
2016-03-31     58     72     92    266    631

#     MEAN   65.2   80.0  102.6  271.7  636.7
