


                             Solar Radio Emission
                    Single-Frequency Total Flux Observations
                        Observing Station: Nobeyama (NBYM)
                    Flux Density in 10^(-22) W m^(-2) Hz^(-1)


             1000   2000   3750   9400  17000
              MHz    MHz    MHz    MHz    MHz

2009-01-01     47     55     80    268    642
2009-01-02     47     55     80    267    632
2009-01-03     47     55     80    268    643
2009-01-04     47     55     80    268    643
2009-01-05     47     55     80    266    645
2009-01-06     47     55     81    267    644
2009-01-07     47     55     80    267    643
2009-01-08     47     55     80    268    648
2009-01-09     47     55     80    265    630
2009-01-10     46     55     81    267    639
2009-01-11     47     56     81    268    642
2009-01-12     47     55     80    267    636
2009-01-13     48     56     81    267    640
2009-01-14     48     56     81    268    641
2009-01-15     48     56     81    268    645
2009-01-16     48     56     81    268    643
2009-01-17     48     56     81    268    645
2009-01-18     49     57     82    268    641
2009-01-19     48     56     82    268    640
2009-01-20     47     56     81    266    642
2009-01-21     47     56     81    266    641
2009-01-22     47     55     79    265    638
2009-01-23     48     56     80    264    649
2009-01-24     46     54     80    264    636
2009-01-25     46     54     80    267    634
2009-01-26     47     55     80    267    635
2009-01-27     46     55     79    265    638
2009-01-28     46     54     80    264    638
2009-01-29     46     54     80    264    645
2009-01-30     48     54     80    263    641
2009-01-31     47     56     80    266    624

#     MEAN   47.1   55.2   80.5  266.4  640.0
