


                             Solar Radio Emission
                    Single-Frequency Total Flux Observations
                        Observing Station: Nobeyama (NBYM)
                    Flux Density in 10^(-22) W m^(-2) Hz^(-1)


             1000   2000   3750   9400  17000
              MHz    MHz    MHz    MHz    MHz

2007-06-01     50     57     84    258    620
2007-06-02     51     61     91    268    625
2007-06-03     57     66     96    267    625
2007-06-04     58     66     97    266    623
2007-06-05     54     67     97    261    623
2007-06-06     52     67     94    261    622
2007-06-07     54     68     94    262    623
2007-06-08     57     68     94    263    623
2007-06-09     56     65     90    259    618
2007-06-10     57     65     87    256    622
2007-06-11     56     62     84    258    611
2007-06-12     53     60     83    259    620
2007-06-13     53     58     82    259    621
2007-06-14     50     56     81    255    618
2007-06-15     49     53     78    255    615
2007-06-16     48     53     77    252    614
2007-06-17     46     52     76    252    614
2007-06-18     45     51     75    250    602
2007-06-19     45     51     75    252    609
2007-06-20     45     50     75    253    616
2007-06-21     45     50     74    253    610
2007-06-22     44     49     75    250    609
2007-06-23     45     49     74    251    614
2007-06-24     44     50     75    249    617
2007-06-25     45     51     76    254    611
2007-06-26     45     52     77    256    617
2007-06-27     48     54     80    258    625
2007-06-28     50     57     82    260    620
2007-06-29     51     58     83    257    620
2007-06-30     51     57     82    259    608

#     MEAN   50.1   57.5   82.9  257.1  617.1
