


                             Solar Radio Emission
                    Single-Frequency Total Flux Observations
                        Observing Station: Nobeyama (NBYM)
                    Flux Density in 10^(-22) W m^(-2) Hz^(-1)


             1000   2000   3750   9400  17000
              MHz    MHz    MHz    MHz    MHz

2017-01-01     51     60     83    265    637
2017-01-02     50     59     83    264    621
2017-01-03     50     59     82    265    626
2017-01-04     50     59     83    266    635
2017-01-05     50     58     82    265    631
2017-01-06     49     58     83    266    634
2017-01-07     49     58     82    267    636
2017-01-08     48     57     81    265      -
2017-01-09      -     57     84    267    639
2017-01-10     47     57     82    265    633
2017-01-11     49     59     83    266    627
2017-01-12     49     58     84    265    628
2017-01-13     50     59     85    265    628
2017-01-14     48     59     84    265    626
2017-01-15     50     61     86    264      -
2017-01-16     51     64     87    266      -
2017-01-17     52     62     88    266    629
2017-01-18     54     63     87    266      -
2017-01-19     54     63     88    265    631
2017-01-20     55     65     89    268    627
2017-01-21     56     67     94    271    628
2017-01-22     58     70     96    272    629
2017-01-23     57     69     93    270    627
2017-01-24     55     67     89    267    623
2017-01-25     56     68     92    271    628
2017-01-26     56     68     93    271    638
2017-01-27     54     65     90    270    633
2017-01-28     52     64     89    270    636
2017-01-29     52     62     87    269    637
2017-01-30     50     60     86    267    633
2017-01-31     50     60     86    264    627

#     MEAN   51.7   61.8   86.5  266.9  630.6
