


                             Solar Radio Emission
                    Single-Frequency Total Flux Observations
                        Observing Station: Nobeyama (NBYM)
                    Flux Density in 10^(-22) W m^(-2) Hz^(-1)


             1000   2000   3750   9400  17000
              MHz    MHz    MHz    MHz    MHz

2026-05-01     91    124    139    298      -
2026-05-02     88    123    141    303    634
2026-05-03     89    125    142    305    642
2026-05-04     89    121    138    301    640
2026-05-05     85    117    134    302    638
2026-05-06     80    107    123    292    626
2026-05-07     80    102    119    292    635
2026-05-08     79    100    115    286    633
2026-05-09     77    100    121    286    627
2026-05-10     77    102    123    291    625
2026-05-11     75    100    123    292    627
2026-05-12     73     97    116    287    630
2026-05-13     70     93    114    283    629
2026-05-14     67     88    106    276    621
2026-05-15     69     89    108    278    627
2026-05-16     67     87    105    277    630
2026-05-17     70     91    109    283    637
2026-05-18     73     92    109    283    637
2026-05-19     74     90    106    279    635
2026-05-20     77     96    112    283    635
2026-05-21     80     99    117    283    631
2026-05-22     83    106    121    287      -
2026-05-23     88    110    126    292    618
2026-05-24     96    120    134    305    629
2026-05-25     96    120    132    301    646
2026-05-26    101    129    137    307    644
2026-05-27    103    130    138    307    646
2026-05-28    104    129    139    309    647
2026-05-29    102    130    143    309    645
2026-05-30    104    132    141    307    647
2026-05-31    102    125    138    305    650

#     MEAN   84.2  108.9  124.9  293.2  634.9
