


                             Solar Radio Emission
                    Single-Frequency Total Flux Observations
                        Observing Station: Nobeyama (NBYM)
                    Flux Density in 10^(-22) W m^(-2) Hz^(-1)


             1000   2000   3750   9400  17000
              MHz    MHz    MHz    MHz    MHz

2005-08-01     67     84    114    275    634
2005-08-02     70     87    115    275    634
2005-08-03     72     89    115    274    635
2005-08-04     72     89    110    274    632
2005-08-05     70     84    107    271    628
2005-08-06     66     78    100    266    634
2005-08-07     64     74     96    268    622
2005-08-08     60     74     96    266    633
2005-08-09     58     68     91    262    632
2005-08-10     53     63     87    257    614
2005-08-11     49     59     84    258    626
2005-08-12     49     58     83    255    623
2005-08-13     49     58     83    257    631
2005-08-14     49     58     84    261    630
2005-08-15     47     58     83    257    626
2005-08-16     49     59     83    256    629
2005-08-17     49     60     84    259    632
2005-08-18     51     61     86    260    632
2005-08-19     56     68     93    264    636
2005-08-20     59     74    103    274    640
2005-08-21     62     77    107    278    642
2005-08-22     64     82    108    286    629
2005-08-23     65     80    109    292    626
2005-08-24     68     82    111    290    647
2005-08-25     67     78    102    268    595
2005-08-26     65     74     99    270    643
2005-08-27     68     76    102    272    637
2005-08-28     65     73     97    265    649
2005-08-29     64     72     95    266    641
2005-08-30     64     74     96    269    637
2005-08-31     61     70     92    267    641

#     MEAN   60.3   72.4   97.3  268.1  632.1
