


                             Solar Radio Emission
                    Single-Frequency Total Flux Observations
                        Observing Station: Nobeyama (NBYM)
                    Flux Density in 10^(-22) W m^(-2) Hz^(-1)


             1000   2000   3750   9400  17000
              MHz    MHz    MHz    MHz    MHz

2012-07-01     89    102    126    283    633
2012-07-02     92    108    139    288    653
2012-07-03     94    112    139    289    648
2012-07-04    102    121    151    310    667
2012-07-05     93    118    149    323    679
2012-07-06     94    128    159    326    668
2012-07-07     96    128    166    340    684
2012-07-08     98    127    181    353    684
2012-07-09    106    142    193    380    702
2012-07-10    102    141    191    361    688
2012-07-11     96    134    181    334    671
2012-07-12     92    131    166    331    660
2012-07-13     89    117    146    317    652
2012-07-14     85    120    163    334    663
2012-07-15     83    115    158    320    651
2012-07-16     81    111    153    309    660
2012-07-17     77    103    140    302    658
2012-07-18     75     99    127    296    653
2012-07-19     71     89    113    282    649
2012-07-20     69     83    105    278    646
2012-07-21     63     75     95    267    615
2012-07-22     63     76     96    268    636
2012-07-23     65     79    100    272    649
2012-07-24     69     82    103    273    641
2012-07-25     74     84    104    276    642
2012-07-26     77     91    114    288    657
2012-07-27     82    100    119    286    643
2012-07-28     88    103    126    286    649
2012-07-29     92    113    133    295    652
2012-07-30     93    114    133    295    654
2012-07-31     97    116    136    296    656

#     MEAN   85.4  108.5  138.8  305.1  656.9
