


                             Solar Radio Emission
                    Single-Frequency Total Flux Observations
                        Observing Station: Nobeyama (NBYM)
                    Flux Density in 10^(-22) W m^(-2) Hz^(-1)


             1000   2000   3750   9400  17000
              MHz    MHz    MHz    MHz    MHz

2014-12-01    119    157    173    342    656
2014-12-02    121    152    174    345    672
2014-12-03    121    147    169    344    675
2014-12-04    110    136    156    331    662
2014-12-05    103    125    145    322    662
2014-12-06    100    122    141    322    670
2014-12-07     98    118    136    320    665
2014-12-08    100    117    136    318    671
2014-12-09    102    122    139    319    670
2014-12-10    106    125    143    320    674
2014-12-11    111    133    152    322    653
2014-12-12    111    133    150    320    666
2014-12-13    119    141    157    325    670
2014-12-14    125    147    161    331    677
2014-12-15    130    153    169    341    673
2014-12-16    128    156    179    336    660
2014-12-17    129    161    183      -      -
2014-12-18    128    165      -      -      -
2014-12-19    136    178    218    382    686
2014-12-20    135    177    214    364    686
2014-12-21    136    180    219    373    704
2014-12-22    133    168    193    356    686
2014-12-23    126    156    177    345    682
2014-12-24    122    147    163    336    681
2014-12-25    116    139    152    333    682
2014-12-26    111    129    142    307    662
2014-12-27    109    129    143      -    674
2014-12-28    104    119    135    313    670
2014-12-29    101    136    142    316    676
2014-12-30    100    119    137    315    666
2014-12-31    100    118    136    314    672

#     MEAN  115.8  142.1  161.1  332.5  672.5
