


                             Solar Radio Emission
                    Single-Frequency Total Flux Observations
                        Observing Station: Nobeyama (NBYM)
                    Flux Density in 10^(-22) W m^(-2) Hz^(-1)


             1000   2000   3750   9400  17000
              MHz    MHz    MHz    MHz    MHz

2005-03-01     48     56     82    271    631
2005-03-02     48     56     81    272    630
2005-03-03     49     57     83    270    636
2005-03-04     50     59     84    272    633
2005-03-05     51     61     87    274    632
2005-03-06     52     63     88    276    635
2005-03-07     54     65     91    276    637
2005-03-08     57     69     94    276    637
2005-03-09     60     75    100    282    644
2005-03-10     64     79    103    281    643
2005-03-11     68     83    105    289    636
2005-03-12     70     85    108    287    641
2005-03-13     71     88    112    286    636
2005-03-14     70     88    113    289    630
2005-03-15     70     87    111    288    634
2005-03-16     70     84    110    283    643
2005-03-17     68     82    108    286    626
2005-03-18     65     77    107    287    640
2005-03-19     60     71    101    281    634
2005-03-20     58     70     97    274    634
2005-03-21     57     68     94    276    631
2005-03-22     57     69     94    274    630
2005-03-23     55     68     93    271    627
2005-03-24     56     68     93    269    625
2005-03-25     55     67     90    268    619
2005-03-26     53     62     86    267    627
2005-03-27     53     63     87    265    632
2005-03-28     52     62     86    269    628
2005-03-29     51     62     86    265    627
2005-03-30     50     60     85    263    625
2005-03-31     51     59     84    263    623

#     MEAN   57.8   69.7   94.8  275.7  632.4
