


                             Solar Radio Emission
                    Single-Frequency Total Flux Observations
                        Observing Station: Nobeyama (NBYM)
                    Flux Density in 10^(-22) W m^(-2) Hz^(-1)


             1000   2000   3750   9400  17000
              MHz    MHz    MHz    MHz    MHz

2007-02-01     58     69     98    279    645
2007-02-02     56     68     96    277    640
2007-02-03     57     68     95    280    645
2007-02-04     55     65     92    275    641
2007-02-05     54     64     90    279    648
2007-02-06     54     63     90    285    650
2007-02-07     53     62     89    277    643
2007-02-08     52     61     88    278    646
2007-02-09     52     60     86    291    654
2007-02-10     48     57     84    281    649
2007-02-11     50     57     83    271    641
2007-02-12     49     55     82    270    640
2007-02-13     47     55     81    270    642
2007-02-14     47     54     81    269    636
2007-02-15     47     54     81    268    635
2007-02-16     47     55     81    268    639
2007-02-17     48     56     81    270    640
2007-02-18     49     57     82    271      -
2007-02-19     50     58     83    269    638
2007-02-20     49     57     82    270    636
2007-02-21     48     56     83    269    638
2007-02-22     48     57     82    272    639
2007-02-23     49     57     83    269    633
2007-02-24     49     57     83    271    634
2007-02-25     49     56     83    267    631
2007-02-26     50     57     83    269    639
2007-02-27     50     57     82    270    638
2007-02-28     49     57     81    266    633

#     MEAN   50.5   58.9   85.2  273.2  640.5
