


                             Solar Radio Emission
                    Single-Frequency Total Flux Observations
                        Observing Station: Nobeyama (NBYM)
                    Flux Density in 10^(-22) W m^(-2) Hz^(-1)


             1000   2000   3750   9400  17000
              MHz    MHz    MHz    MHz    MHz

2020-12-01     67     92    114    288    643
2020-12-02     66     90    111    286    639
2020-12-03     66     91    110    287    645
2020-12-04     63     85    105    284    638
2020-12-05     64     84    103    284    640
2020-12-06     61     78     99    279    632
2020-12-07     60     74     96    279    641
2020-12-08     57     71     93    276    637
2020-12-09     56     68     91    273    634
2020-12-10     57     67     91    276    638
2020-12-11     56     67     90    275    637
2020-12-12     55     68     92    277    639
2020-12-13     54     66     90    275    633
2020-12-14     53     66     90    277    632
2020-12-15     54     67     86    275    628
2020-12-16     55     67     91    273    625
2020-12-17     54     66     89    273    624
2020-12-18     55     67     89    273    633
2020-12-19     54     67     89    274    628
2020-12-20     53     68     90    273    624
2020-12-21     54     68     91    274    632
2020-12-22     56     69     92    275    635
2020-12-23     58     72     94    278    640
2020-12-24     60     74     95    280    642
2020-12-25     60     75     95    277    636
2020-12-26     60     75     96    277    636
2020-12-27     61     75     95    277    639
2020-12-28     61     75     94    275    637
2020-12-29     60     72     93    276    640
2020-12-30     59     72     92    274    635
2020-12-31      -     69     90    274    622
 
#     MEAN   58.3   73.5   94.7  277.2  635.0
