


                             Solar Radio Emission
                    Single-Frequency Total Flux Observations
                        Observing Station: Nobeyama (NBYM)
                    Flux Density in 10^(-22) W m^(-2) Hz^(-1)


             1000   2000   3750   9400  17000
              MHz    MHz    MHz    MHz    MHz

2021-09-01     59     71     93    266    619
2021-09-02     58     71     91    265      -
2021-09-03     59     72     93    269      -
2021-09-04     57     72     93    270    610
2021-09-05     60     75    101    272    616
2021-09-06     64     81    101    274    614
2021-09-07     65     84    109    281    611
2021-09-08     63     84    112    279      -
2021-09-09     64     85    112    277    614
2021-09-10     61     82    111    273    627
2021-09-11     60     79    104    273    619
2021-09-12     58     77    101    271    619
2021-09-13     55     73     95    269    620
2021-09-14     56     70     92    268    615
2021-09-15     53     66     88    268    625
2021-09-16     51     62     85    264    630
2021-09-17     51     62     82    262    610
2021-09-18     51     62     83    262      -
2021-09-19     51     62     83    264    623
2021-09-20     52     64     85    265    627
2021-09-21     56     70     91    269    626
2021-09-22     58     74     94    270    634
2021-09-23     60     78     96    272    632
2021-09-24     61     78     96    272    629
2021-09-25     63     78     96    273    634
2021-09-26     62     77     97    269      -
2021-09-27     63     76     95    271    629
2021-09-28     61     77     95    275    634
2021-09-29     61     79     98    276    637
2021-09-30     67     87    110    283    641
 
#     MEAN   59.1   74.3   96.1  270.7  623.8
