


                             Solar Radio Emission
                    Single-Frequency Total Flux Observations
                        Observing Station: Nobeyama (NBYM)
                    Flux Density in 10^(-22) W m^(-2) Hz^(-1)


             1000   2000   3750   9400  17000
              MHz    MHz    MHz    MHz    MHz

2022-06-01     71     84    102    269    618
2022-06-02     72     85    104    270    617
2022-06-03     73     86    103    270    607
2022-06-04     73     86    103    270    612
2022-06-05     73     83    100    269    617
2022-06-06     73     81     99    266      -
2022-06-07     76     83    100    270    616
2022-06-08     78     84    102    272    614
2022-06-09     81     88    106    274    613
2022-06-10     88     96    110    278    617
2022-06-11     90     95    111    277    619
2022-06-12     93     98    113    277    614
2022-06-13     99    108    122    282    627
2022-06-14      -      -      -      -      -
2022-06-15    109    124    139    292    618
2022-06-16    108    123    137    288    622
2022-06-17    113    128    139    294    633
2022-06-18    115    126    140    294    630
2022-06-19    108    118    135    294    631
2022-06-20    108    120    138    304    641
2022-06-21    108    117    133    297    636
2022-06-22    104    114    134    296    639
2022-06-23     95    105    126    290    621
2022-06-24     90    100    119    288    618
2022-06-25     84     94    113    284    627
2022-06-26     85     90    108    280    620
2022-06-27     78     84    103    276    620
2022-06-28     76     80    100    274    619
2022-06-29     74     78     97    273    624
2022-06-30     74     79     99    272    620
 
#     MEAN   88.6   98.3  115.0  280.7  621.8
