


                             Solar Radio Emission
                    Single-Frequency Total Flux Observations
                        Observing Station: Nobeyama (NBYM)
                    Flux Density in 10^(-22) W m^(-2) Hz^(-1)


             1000   2000   3750   9400  17000
              MHz    MHz    MHz    MHz    MHz

2007-09-01     46     55     80    258    628
2007-09-02     46     55     80    257    629
2007-09-03     46     55     79    258    630
2007-09-04     44     53     77    256    628
2007-09-05     44     52     78    255    629
2007-09-06     44     52     77    253    623
2007-09-07     43     51     77    256    624
2007-09-08     45     52     77    256    626
2007-09-09     44     52     77    256    627
2007-09-10     44     51     77    256    627
2007-09-11     44     52     77    256    623
2007-09-12     42     51     76    252    608
2007-09-13     44     51     77    255    627
2007-09-14     43     52     77    256    628
2007-09-15     44     52     78    254    628
2007-09-16     44     52     78    258    632
2007-09-17     44     52     78    258    629
2007-09-18     45     52     78    257    628
2007-09-19     43     52     76    254    626
2007-09-20     44     52     77    257    634
2007-09-21     45     52     78    258    638
2007-09-22     44     52     77    257    638
2007-09-23     44     52     77    257    632
2007-09-24     44     52     77    254    608
2007-09-25     44     52     77    257    631
2007-09-26     43     52     77    255    633
2007-09-27     43     52     76    256    632
2007-09-28     45     53     78    258    638
2007-09-29     45     52     77    251    620
2007-09-30     45     53     78    253    614

#     MEAN   44.2   52.3   77.4  255.8  627.3
