


                             Solar Radio Emission
                    Single-Frequency Total Flux Observations
                        Observing Station: Nobeyama (NBYM)
                    Flux Density in 10^(-22) W m^(-2) Hz^(-1)


             1000   2000   3750   9400  17000
              MHz    MHz    MHz    MHz    MHz

2011-11-01     90    112    142    320    695
2011-11-02     95    118    146    324    695
2011-11-03    101    130    164    347    694
2011-11-04    103    137    172    347    703
2011-11-05    108    140    176    352    693
2011-11-06    111    145    182    350    687
2011-11-07    118    150    183    339    689
2011-11-08    120    152    182    332    679
2011-11-09    125    159    188    330    683
2011-11-10    127    157    184    326    683
2011-11-11    124    153    183    329    664
2011-11-12    119    148    173    324    690
2011-11-13    114    142    165    325    694
2011-11-14    110    136    159    325    695
2011-11-15    112    135    156    328    696
2011-11-16    108    127    147    317    686
2011-11-17    107    123    141    314    688
2011-11-18    109    130    151    323    695
2011-11-19    106    124    144    318    661
2011-11-20    104    127    145    316    694
2011-11-21    102    119    137    310    674
2011-11-22    103    121    141    309    678
2011-11-23    106    130    148    313    683
2011-11-24    102    122    141    306    676
2011-11-25    102    121    139    306    677
2011-11-26    100    119    139    305    679
2011-11-27     98    117    133    306    681
2011-11-28     98    120    137    311    689
2011-11-29     98    123    141    314    697
2011-11-30     99    122    138    314    697

#     MEAN  107.3  132.0  155.9  322.7  686.5
