


                             Solar Radio Emission
                    Single-Frequency Total Flux Observations
                        Observing Station: Nobeyama (NBYM)
                    Flux Density in 10^(-22) W m^(-2) Hz^(-1)


             1000   2000   3750   9400  17000
              MHz    MHz    MHz    MHz    MHz

2010-01-01     54     64     89    275    642
2010-01-02     54     64     89    276    645
2010-01-03     52     62     88    274    646
2010-01-04     52     61     86    273    646
2010-01-05     53     62     87    273    646
2010-01-06     54     62     88    275    648
2010-01-07     53     63     88    275    650
2010-01-08     54     63     89    274    648
2010-01-09     54     64     89    272    648
2010-01-10     55     67     94    277    643
2010-01-11     57     70     96    275    650
2010-01-12     59     73    101    276    650
2010-01-13     60     74    102    281    644
2010-01-14     59     73    100    278    639
2010-01-15     58     71     99    280    646
2010-01-16     57     71     96    277    645
2010-01-17     56     67     92    277    648
2010-01-18     57     68     94    278    653
2010-01-19     55     66     92    276    657
2010-01-20     55     68     95    279    665
2010-01-21     55     67     94    276    645
2010-01-22     54     66     92    275    646
2010-01-23     54     68     93    275    648
2010-01-24     55     69     93    275    646
2010-01-25     56     69     92    273    647
2010-01-26     54     67     89    273    644
2010-01-27     55     66     89    273    646
2010-01-28     54     64     87    269    641
2010-01-29     54     62     86    271    644
2010-01-30     52     61     84    269    643
2010-01-31     52     61     86    270    646

#     MEAN   54.9   66.3   91.6  274.9  647.0
