


                             Solar Radio Emission
                    Single-Frequency Total Flux Observations
                        Observing Station: Nobeyama (NBYM)
                    Flux Density in 10^(-22) W m^(-2) Hz^(-1)


             1000   2000   3750   9400  17000
              MHz    MHz    MHz    MHz    MHz

2020-08-01     45     57     79      -    611
2020-08-02     47     57     79    244    614
2020-08-03     48     59     81      -    615
2020-08-04     47     57     80      -    610
2020-08-05     47     57     80    249    615
2020-08-06     48     59     81    248    613
2020-08-07     48     59     81    249    613
2020-08-08     47     59     81    250    613
2020-08-09     47     59     81    251    614
2020-08-10     46     58     81    251    613
2020-08-11     46     58     80    251    613
2020-08-12     45     57     80    254    612
2020-08-13     45     57     80    254    612
2020-08-14     46     57     80    252    615
2020-08-15     46     56     80    252    615
2020-08-16     45     55     78    251    616
2020-08-17     44     54     78    251    608
2020-08-18     44     55     78    252    617
2020-08-19     45     55     79    253    615
2020-08-20     45     55     79    253    617
2020-08-21     45     56     80    254    615
2020-08-22     45     55     79    252    620
2020-08-23     44     55     79    251    620
2020-08-24     45     55     79    252    617
2020-08-25     46     55     78    249    617
2020-08-26     45     55     79    255    616
2020-08-27     45     55     79    254    623
2020-08-28     45     55     78    252    613
2020-08-29     44     55     79    256    611
2020-08-30     45     54     78    253    611
2020-08-31     45     54     79    261    616
 
#     MEAN   45.6   56.6   79.5  251.9  614.5
