


                             Solar Radio Emission
                    Single-Frequency Total Flux Observations
                        Observing Station: Nobeyama (NBYM)
                    Flux Density in 10^(-22) W m^(-2) Hz^(-1)


             1000   2000   3750   9400  17000
              MHz    MHz    MHz    MHz    MHz

2015-11-01     72     97    130      -    656
2015-11-02     78    101    135    295    651
2015-11-03     73    100    125    288    645
2015-11-04     74    102    126    284    651
2015-11-05     73     98    118    288    655
2015-11-06     74     98    116    289    659
2015-11-07     74    102    119    294    656
2015-11-08     74     99    119    291    649
2015-11-09     73     96    112    288    652
2015-11-10     75     96    113    290    647
2015-11-11     78     94    111    290    651
2015-11-12     81     94    112    291    654
2015-11-13     81     93    110    288    650
2015-11-14     83     93    109    285    639
2015-11-15     84     99    114    290    653
2015-11-16     93    105    118    295    662
2015-11-17     87     97    111    290    652
2015-11-18     90     99    114    291    642
2015-11-19     86     98    114    290    649
2015-11-20     85     98    114    288    643
2015-11-21     85    101    119    293    652
2015-11-22     87    107    131    298    652
2015-11-23     86    108    133    302    654
2015-11-24     84    107    125    298    665
2015-11-25     81    100    117    292    645
2015-11-26     81     98    113    291    647
2015-11-27     81     94    109    286    647
2015-11-28     77     90    105      -    653
2015-11-29     74     87    103      -    649
2015-11-30     75     86    104    277    649

#     MEAN   79.9   97.9  116.6  290.4  650.9
