


                             Solar Radio Emission
                    Single-Frequency Total Flux Observations
                        Observing Station: Nobeyama (NBYM)
                    Flux Density in 10^(-22) W m^(-2) Hz^(-1)


             1000   2000   3750   9400  17000
              MHz    MHz    MHz    MHz    MHz

2022-11-01     89    112    129    293    651
2022-11-02     93    114    131    296    654
2022-11-03     95    112    128    296    658
2022-11-04     94    112    130    296    656
2022-11-05     98    117    132    300    653
2022-11-06     97    116    132    301    655
2022-11-07    102    125    144    309    660
2022-11-08     97    122    140    302    654
2022-11-09     95    117    134    294    645
2022-11-10     98    121    139    308    659
2022-11-11     95    121    141    307    655
2022-11-12     95    121    139    305    656
2022-11-13     92    123    139    310    652
2022-11-14     91    121    139    314    661
2022-11-15     89    116    140    322    656
2022-11-16     86    115    140    316    655
2022-11-17     86    110    131    308    651
2022-11-18     82    102    122    298    651
2022-11-19     81    102    122    298    653
2022-11-20     81    102    122    297    643
2022-11-21     83    105    125    299    650
2022-11-22     85    105    120    297    649
2022-11-23     81    103    120    295      -
2022-11-24     79    100    116    291    638
2022-11-25     77     96    112    288    643
2022-11-26     76     95    111    289    637
2022-11-27     76     95    113    287    645
2022-11-28     76     95    114    291    639
2022-11-29     76     94    112    291      -
2022-11-30     79     97    116    297    649
 
#     MEAN   87.5  110.0  127.8  299.8  651.0
