


                             Solar Radio Emission
                    Single-Frequency Total Flux Observations
                        Observing Station: Nobeyama (NBYM)
                    Flux Density in 10^(-22) W m^(-2) Hz^(-1)


             1000   2000   3750   9400  17000
              MHz    MHz    MHz    MHz    MHz

2015-04-01     96    112    129    306    647
2015-04-02     93    109    126    302    659
2015-04-03     93    107    125    299    649
2015-04-04     95    109    123    295    653
2015-04-05     93    115    130    304    635
2015-04-06     91    108    123    291    653
2015-04-07     88    106    119    289    613
2015-04-08     87     98    110    282    622
2015-04-09     83     93    106    279    623
2015-04-10     85     99    113    286    631
2015-04-11     82    101    119    295    637
2015-04-12     86    110    134    304    654
2015-04-13     83    112    139    317    651
2015-04-14     85    120    143    309    651
2015-04-15     87    125    150    316    660
2015-04-16     91    132    154    317    662
2015-04-17     91    128    150    312    654
2015-04-18     96    132    151    307    651
2015-04-19     97    133    152    306    643
2015-04-20    100    134    149    307    642
2015-04-21    101    135    149    313    648
2015-04-22    106    141    154    320    666
2015-04-23    104    135    144    315    661
2015-04-24    100    127    137    308    661
2015-04-25     95    118    133    304    653
2015-04-26     90    113    129    298    646
2015-04-27     85    103    119    290    643
2015-04-28     79     94    111    283    639
2015-04-29     79     95    111    283    641
2015-04-30     77     91    109    282    641

#     MEAN   90.6  114.5  131.3  300.6  646.3
