


                             Solar Radio Emission
                    Single-Frequency Total Flux Observations
                        Observing Station: Nobeyama (NBYM)
                    Flux Density in 10^(-22) W m^(-2) Hz^(-1)


             1000   2000   3750   9400  17000
              MHz    MHz    MHz    MHz    MHz

2015-10-01     80    106    139    301    634
2015-10-02     78     99    122    293    649
2015-10-03     72     89    111    284    647
2015-10-04     67     82    104    279    647
2015-10-05     64     75    100    272    637
2015-10-06     62     71     96    270    631
2015-10-07     59     70     95    269    631
2015-10-08     57     69     94    269    633
2015-10-09     57     69     95    272    643
2015-10-10     58     70     95    270    633
2015-10-11     58     71     94    269    631
2015-10-12     64     76    102    277    644
2015-10-13     66     80    106    280    646
2015-10-14     70     84    111    280    645
2015-10-15     75     92    120    284    648
2015-10-16     78     94    121    289    649
2015-10-17     83     98    125    292    652
2015-10-18     92    110    138    300    662
2015-10-19     91    109    138    295    653
2015-10-20     96    114    139    296    656
2015-10-21    100    115    137    295    655
2015-10-22    100    113    135    296    653
2015-10-23     96    112    132    293    652
2015-10-24     92    105    126    290    656
2015-10-25     87     99    121    285    643
2015-10-26     85     98    121    287    649
2015-10-27     82     98    115    290    655
2015-10-28     79    100    119    297    666
2015-10-29     76     98    122    299    663
2015-10-30     75     98    125    298    662
2015-10-31     76     98    125      -    655

#     MEAN   76.6   92.4  116.9  285.6  647.7
