


                             Solar Radio Emission
                    Single-Frequency Total Flux Observations
                        Observing Station: Nobeyama (NBYM)
                    Flux Density in 10^(-22) W m^(-2) Hz^(-1)


             1000   2000   3750   9400  17000
              MHz    MHz    MHz    MHz    MHz

2008-06-01     42     50     75    253    611
2008-06-02     43     51     75    254    610
2008-06-03     42     50     74    252    589
2008-06-04     42     50     74    253    609
2008-06-05     43     50     74    252    606
2008-06-06     43     50     74    253    612
2008-06-07     42     50     74    253    614
2008-06-08     42     49     74    252    613
2008-06-09     43     49     73    252    600
2008-06-10     42     50     75    253    612
2008-06-11     43     51     74    253    613
2008-06-12     43     50     74    252    571
2008-06-13     44     51     75    253    614
2008-06-14     44     51     75    254    616
2008-06-15     44     50     75    253    610
2008-06-16     44     51     75    253    615
2008-06-17     44     50     75    253    619
2008-06-18     45     51     75    253    617
2008-06-19     44     50     74    252    608
2008-06-20     44     50     73    250    611
2008-06-21     44     49     73    251    607
2008-06-22     44     50     74    251    603
2008-06-23     44     50     74    250    566
2008-06-24     45     50     74    251    604
2008-06-25     45     50     75    256    607
2008-06-26     45     50     74    251    605
2008-06-27     44     50     74    251    611
2008-06-28     45     51     75    252    610
2008-06-29     44     50     74    250    575
2008-06-30     45     50     74    252    607

#     MEAN   43.6   50.1   74.2  252.1  605.6
