


                             Solar Radio Emission
                    Single-Frequency Total Flux Observations
                        Observing Station: Nobeyama (NBYM)
                    Flux Density in 10^(-22) W m^(-2) Hz^(-1)


             1000   2000   3750   9400  17000
              MHz    MHz    MHz    MHz    MHz

2007-05-01     50     62     94    266    625
2007-05-02     52     63     92    266    619
2007-05-03     49     63     87    266    626
2007-05-04     48     62     89    263    626
2007-05-05     48     62     90    262    629
2007-05-06     47     61     86    254    618
2007-05-07     47     59     84    259    626
2007-05-08     45     57     83    258    627
2007-05-09     45     55     81    258    629
2007-05-10     47     55     80    255    619
2007-05-11     46     54     79    251    617
2007-05-12     46     54     79    255    623
2007-05-13     47     54     79    254    623
2007-05-14     47     55     80    255    624
2007-05-15     46     55     80    253    617
2007-05-16     46     57     84    255    617
2007-05-17     47     57     86    257    619
2007-05-18     46     57     85    259    621
2007-05-19     47     57     83    255    613
2007-05-20     45     56     81    254    619
2007-05-21     45     57     82    255    621
2007-05-22     47     56     80    255    622
2007-05-23     48     55     79    255    624
2007-05-24     46     54     78    254    621
2007-05-25     46     53     77    247    615
2007-05-26     44     52     77    253    620
2007-05-27     43     52     76    252    620
2007-05-28     43     51     76    250    615
2007-05-29     44     52     77    251    611
2007-05-30     48     53     78    254    614
2007-05-31     46     54     79    254    580

#     MEAN   46.5   56.3   81.9  256.0  619.4
