


                             Solar Radio Emission
                    Single-Frequency Total Flux Observations
                        Observing Station: Nobeyama (NBYM)
                    Flux Density in 10^(-22) W m^(-2) Hz^(-1)


             1000   2000   3750   9400  17000
              MHz    MHz    MHz    MHz    MHz

2004-09-01     61     71     95    281    636
2004-09-02     62     74     97    280    627
2004-09-03     64     77     99    281    629
2004-09-04     66     82    101    280    636
2004-09-05     69     85    103    280    614
2004-09-06     71     89    106    286    633
2004-09-07     76     91    107    286    634
2004-09-08     81    101    120    300    643
2004-09-09     82    105    127    300    651
2004-09-10     82    108    130    301    645
2004-09-11     81    103    125    300    643
2004-09-12     80    103    121    294    660
2004-09-13     74     94    115    290    647
2004-09-14     77     97    119    293    649
2004-09-15     75     92    117    292    646
2004-09-16     76     91    116    293    651
2004-09-17     75     87    111    289    653
2004-09-18     73     87    110    291    647
2004-09-19     72     85    107    288    641
2004-09-20     72     86    109    291    648
2004-09-21     68     81    104    292    646
2004-09-22     64     76    102    289    651
2004-09-23     62     73     98    286    642
2004-09-24     61     72     97    285    638
2004-09-25     61     72     97    285    642
2004-09-26     60     71     97    286    623
2004-09-27     60     71     97    286    618
2004-09-28     61     71     96    285    623
2004-09-29     61     71     96    283    621
2004-09-30     62     72     96    283    636

#     MEAN   69.7   84.6  107.2  288.5  639.1
