


                             Solar Radio Emission
                    Single-Frequency Total Flux Observations
                        Observing Station: Nobeyama (NBYM)
                    Flux Density in 10^(-22) W m^(-2) Hz^(-1)


             1000   2000   3750   9400  17000
              MHz    MHz    MHz    MHz    MHz

2005-05-01     65     84    118    294    633
2005-05-02     67     86    117    291    622
2005-05-03     71     93    121    297    640
2005-05-04     65     86    115    285    635
2005-05-05     67     86    114    286    640
2005-05-06     69     88    117    284    636
2005-05-07     65     82    108    277    609
2005-05-08     65     79    103    273    633
2005-05-09     67     85    109    276    633
2005-05-10     68     88    116    278    631
2005-05-11     67     88    120    280    630
2005-05-12     68     93    127    287    638
2005-05-13     66     86    113    279    624
2005-05-14     66     82    110    275    629
2005-05-15     64     79    103    267    620
2005-05-16     62     79    103    274    624
2005-05-17     61     76    100    274    631
2005-05-18     56     70     91    261    619
2005-05-19     55     70     90    263    627
2005-05-20     54     66     89    260    624
2005-05-21     54     65     89    260    623
2005-05-22     54     65     88    258    615
2005-05-23     54     65     87    258    616
2005-05-24     56     66     89    258    618
2005-05-25     57     67     89    256    615
2005-05-26     58     67     90    257    618
2005-05-27     60     71     98    262    622
2005-05-28     60     74    101    266    627
2005-05-29     59     72     99    263    620
2005-05-30     59     74     98    261    618
2005-05-31     62     75     98    262    612

#     MEAN   61.9   77.7  103.6  271.6  625.2
