


                             Solar Radio Emission
                    Single-Frequency Total Flux Observations
                        Observing Station: Nobeyama (NBYM)
                    Flux Density in 10^(-22) W m^(-2) Hz^(-1)


             1000   2000   3750   9400  17000
              MHz    MHz    MHz    MHz    MHz

2010-06-01     50     58     80    256    621
2010-06-02     50     58     81    257    624
2010-06-03     49     58     82    258    633
2010-06-04     50     59     82    257    626
2010-06-05     48     57     79    254    623
2010-06-06     47     55     78    255    623
2010-06-07     46     54     77    254    624
2010-06-08     46     53     77    253    613
2010-06-09     49     57     81    258    624
2010-06-10     49     57     81    259    628
2010-06-11     51     58     82    259    631
2010-06-12     53     60     85    261    632
2010-06-13     53     62     86    262    625
2010-06-14     53     59     82    259    631
2010-06-15     51     56     80    260    627
2010-06-16     52     56     80    254    601
2010-06-17     52     57     80    256    623
2010-06-18     52     56     79    255    618
2010-06-19     52     56     78    255    622
2010-06-20     51     56     78    254    622
2010-06-21     54     57     80    255    626
2010-06-22     54     58     80    256    630
2010-06-23     57     59     81      -      -
2010-06-24     56     60     82    260    625
2010-06-25     56     60     82    260    628
2010-06-26     55     59     83    256    625
2010-06-27     55     59     82    259    624
2010-06-28     55     59     82    259    630
2010-06-29     57     60     83    259    627
2010-06-30     56     59     87    259    628

#     MEAN   52.0   57.7   81.0  257.2  624.6
