


                             Solar Radio Emission
                    Single-Frequency Total Flux Observations
                        Observing Station: Nobeyama (NBYM)
                    Flux Density in 10^(-22) W m^(-2) Hz^(-1)


             1000   2000   3750   9400  17000
              MHz    MHz    MHz    MHz    MHz

2014-11-01     97    108    125    300    656
2014-11-02     95    109    123    299    661
2014-11-03     96    113    126    302    661
2014-11-04     96    113    131    306    663
2014-11-05     97    118    140    312    655
2014-11-06     95    119    143    316    670
2014-11-07     93    119    147    324    678
2014-11-08     95    118    137    310    666
2014-11-09     96    119    139    312    654
2014-11-10     97    119    138    311    665
2014-11-11    102    124    145    314    665
2014-11-12    106    129    147    316    680
2014-11-13    110    135    154    322    673
2014-11-14    113    142    161    331    677
2014-11-15    116    145    160    334    672
2014-11-16    118    149    162    342    680
2014-11-17    123    153    168    341    675
2014-11-18    124    149    165    342    672
2014-11-19    127    153    173    352    679
2014-11-20    126    154    175    352    682
2014-11-21    121    150    174    351    679
2014-11-22    118    150    175    351    691
2014-11-23    116    150    176    350    684
2014-11-24    117    152    179    347    685
2014-11-25    112    146    175    339    675
2014-11-26    115    149    173    335    654
2014-11-27    120    156    177    345    685
2014-11-28    120    157    174    340    666
2014-11-29    128    163    190    361    698
2014-11-30    119    161    179    347    680

#     MEAN  110.3  137.4  157.6  330.1  672.7
