


                             Solar Radio Emission
                    Single-Frequency Total Flux Observations
                        Observing Station: Nobeyama (NBYM)
                    Flux Density in 10^(-22) W m^(-2) Hz^(-1)


             1000   2000   3750   9400  17000
              MHz    MHz    MHz    MHz    MHz

2006-03-01     51     59     84    268    636
2006-03-02     51     59     84    268    626
2006-03-03     51     58     83    267    627
2006-03-04     49     57     83    267    628
2006-03-05     50     57     83    267    632
2006-03-06     49     56     82    265    627
2006-03-07     48     56     82    265    635
2006-03-08     48     55     82    267    635
2006-03-09     47     54     80    264    629
2006-03-10     46     54     80    264    627
2006-03-11     47     54     81    266    636
2006-03-12     47     56     81    265    623
2006-03-13     47     54     80    262    623
2006-03-14     47     55     81    263    624
2006-03-15     47     56     81    263    631
2006-03-16     48     55     81    264    631
2006-03-17     47     55     80    262    626
2006-03-18     48     54     80    262    629
2006-03-19     47     55     81    261    625
2006-03-20     47     55     82    261    624
2006-03-21     48     57     84    260    625
2006-03-22     49     59     84    262    626
2006-03-23     48     58     83    260    625
2006-03-24     48     56     82    261    622
2006-03-25     48     57     82    262    627
2006-03-26     48     56     82    263    629
2006-03-27     47     55     81    261    632
2006-03-28     48     57     83    263    629
2006-03-29     50     60     86      -      -
2006-03-30     51     62     89    263    627
2006-03-31     51     64     90    265    623

#     MEAN   48.3   56.6   82.5  263.7  627.9
