


                             Solar Radio Emission
                    Single-Frequency Total Flux Observations
                        Observing Station: Nobeyama (NBYM)
                    Flux Density in 10^(-22) W m^(-2) Hz^(-1)


             1000   2000   3750   9400  17000
              MHz    MHz    MHz    MHz    MHz

2009-03-01     46     55     80    260    621
2009-03-02     44     52     78    260    619
2009-03-03     45     53     78    258    611
2009-03-04     43     53     79    262    624
2009-03-05     45     52     80    259    632
2009-03-06     45     53     79    261    617
2009-03-07     44     53     79    260    624
2009-03-08     45     53     79    260    629
2009-03-09     45     53     78    261    630
2009-03-10     44     52     79    259    631
2009-03-11     45     53     78    260    626
2009-03-12     44     52     77    259    622
2009-03-13     44     53     78    258    623
2009-03-14     45     53     79    260    623
2009-03-15     45     52     78    259    624
2009-03-16     45     53     79    260    630
2009-03-17     46     54     79    259    627
2009-03-18     47     54     80    260    635
2009-03-19     47     53     79    259    635
2009-03-20     47     54     79    260    628
2009-03-21     47     53     79    259    631
2009-03-22     46     53     79    258    619
2009-03-23     46     53     79    259    624
2009-03-24     45     54     78    258    627
2009-03-25     47     54     79    262    630
2009-03-26     46     54     78    260    618
2009-03-27     45     54     79    259    624
2009-03-28     45     53     78    259    620
2009-03-29     45     52     77    258    622
2009-03-30     45     54     78    257    624
2009-03-31     45     53     78    256    622

#     MEAN   45.2   53.2   78.7  259.3  624.9
