


                             Solar Radio Emission
                    Single-Frequency Total Flux Observations
                        Observing Station: Nobeyama (NBYM)
                    Flux Density in 10^(-22) W m^(-2) Hz^(-1)


             1000   2000   3750   9400  17000
              MHz    MHz    MHz    MHz    MHz

2023-07-01    112    135    159    310    637
2023-07-02    116    141    164    319    653
2023-07-03    118    148    173    330    651
2023-07-04    122    151    170    314    654
2023-07-05    114    141    154    304    644
2023-07-06    115    136    147    305    654
2023-07-07    115    136    152    311    654
2023-07-08    113    141    157    318    656
2023-07-09    115    143    162    328      -
2023-07-10    119    157    182    347    660
2023-07-11    115    158    190    350    664
2023-07-12    120    171    207    374    679
2023-07-13    120    166    200    361    661
2023-07-14    122    165    197    348      -
2023-07-15    114    158    187    333    653
2023-07-16    115    152    183    332    655
2023-07-17    116    152    184    331    659
2023-07-18    134    177    205    355    677
2023-07-19    124    163    189    326    655
2023-07-20    123    166    187    323    658
2023-07-21    124    161    173    316    646
2023-07-22    121    156    166    311    645
2023-07-23    122    154    168    315    652
2023-07-24    120    153    166    316    655
2023-07-25    111    145    163    316    649
2023-07-26    112    150    165    319    644
2023-07-27    112    149    167    317    659
2023-07-28    116    150    167    321    663
2023-07-29    114    148    166    307    650
2023-07-30    120    155    170    309    652
2023-07-31    121    153    166    309    651
 
#     MEAN  117.9  153.1  173.7  325.0  654.8
