


                             Solar Radio Emission
                    Single-Frequency Total Flux Observations
                        Observing Station: Nobeyama (NBYM)
                    Flux Density in 10^(-22) W m^(-2) Hz^(-1)


             1000   2000   3750   9400  17000
              MHz    MHz    MHz    MHz    MHz

2022-08-01     63     78     98    275    617
2022-08-02     64     79    100    275    624
2022-08-03     65     81    101    277    621
2022-08-04     69     85    103    274    615
2022-08-05     75     94    113    281    633
2022-08-06     78     98    115    283    624
2022-08-07     79     98    114    285    624
2022-08-08     82     99    115    287    635
2022-08-09     82     95    112    285    630
2022-08-10     80     94    111    283    629
2022-08-11     80     94    110    282    628
2022-08-12     80     97    111    279    620
2022-08-13     83    105    121    287    623
2022-08-14     82    104    122    287    632
2022-08-15     82    107    123    286    633
2022-08-16     85    113    133    297    638
2022-08-17     83    109    128    287    623
2022-08-18     79    104    121    283    628
2022-08-19     77     95    113    278    629
2022-08-20     74     92    108    275      -
2022-08-21     69     83    101    275    628
2022-08-22     67     82    100    276    629
2022-08-23     67     84    106    282    632
2022-08-24     65     82    105    277    629
2022-08-25     67     89    112    283    628
2022-08-26     69     94    123    294    632
2022-08-27     71     99    126    298    641
2022-08-28     70    100    128    295    631
2022-08-29     74    101    131    300    646
2022-08-30     74     99    127    296    638
2022-08-31     75    101    125    296    638
 
#     MEAN   74.5   95.3  114.7  284.5  629.3
