


                             Solar Radio Emission
                    Single-Frequency Total Flux Observations
                        Observing Station: Nobeyama (NBYM)
                    Flux Density in 10^(-22) W m^(-2) Hz^(-1)


             1000   2000   3750   9400  17000
              MHz    MHz    MHz    MHz    MHz

2011-02-01     56     65     88    269    649
2011-02-02     56     64     88    268    646
2011-02-03     56     64     87    267    654
2011-02-04     58     65     90    270    650
2011-02-05     58     66     89    269    654
2011-02-06     57     64     89    268    650
2011-02-07     57     64     90    271    651
2011-02-08     57     66     91    271    651
2011-02-09     63     74    100    279    656
2011-02-10     60     72     97    279    652
2011-02-11     63     75     97    276    628
2011-02-12     66     76     99    281    656
2011-02-13     67     79    109    284    656
2011-02-14     69     86    116    291    656
2011-02-15     72     90    122    293    658
2011-02-16     72     90    121    297    662
2011-02-17     74     94    122    295    665
2011-02-18     71     90    120    295    653
2011-02-19     72     93    124    296    661
2011-02-20     68     89    117    288    659
2011-02-21     64     81    107    281    649
2011-02-22     61     77    102    277    650
2011-02-23     58     72     97    270    647
2011-02-24     57     70     97    273    650
2011-02-25     56     67     94    269    651
2011-02-26     56     70     96    275    648
2011-02-27     57     71     96    271    644
2011-02-28     59     73     96    276    643

#     MEAN   62.1   75.2  101.5  278.5  651.8
