


                             Solar Radio Emission
                    Single-Frequency Total Flux Observations
                        Observing Station: Nobeyama (NBYM)
                    Flux Density in 10^(-22) W m^(-2) Hz^(-1)


             1000   2000   3750   9400  17000
              MHz    MHz    MHz    MHz    MHz

2010-08-01     55     63     87    263    629
2010-08-02     57     65     87    264    631
2010-08-03     57     65     88    265    627
2010-08-04     57     66     89    266    631
2010-08-05     58     68     91    268    635
2010-08-06     59     68     92    271    632
2010-08-07     58     68     90    268    634
2010-08-08     61     69     92    269    632
2010-08-09     59     69     91    267    616
2010-08-10     61     70     92    267    630
2010-08-11     60     69     91    267    631
2010-08-12     60     69     90    267    630
2010-08-13     60     68     90    265    636
2010-08-14     60     69     91    265    631
2010-08-15     59     69     93    267    631
2010-08-16     57     67     91    262    628
2010-08-17     58     68     90    265    631
2010-08-18     58     69     91    268    638
2010-08-19     56     64     87    263    639
2010-08-20     55     62     85    262    636
2010-08-21     54     62     85    262    636
2010-08-22     53     61     85    261    632
2010-08-23     53     60     84    261    633
2010-08-24     52     60     84    260    631
2010-08-25     50     59     83    259    629
2010-08-26     50     58     83    261    633
2010-08-27     51     59     85    261    637
2010-08-28     51     58     83    261    629
2010-08-29     50     58     82    258    630
2010-08-30     51     59     84    259    628
2010-08-31     53     61     85    260    634

#     MEAN   56.0   64.5   87.8  263.9  631.6
