


                             Solar Radio Emission
                    Single-Frequency Total Flux Observations
                        Observing Station: Nobeyama (NBYM)
                    Flux Density in 10^(-22) W m^(-2) Hz^(-1)


             1000   2000   3750   9400  17000
              MHz    MHz    MHz    MHz    MHz

2008-08-01     43     50     75    252    610
2008-08-02     43     51     75    252    615
2008-08-03     43     51     75    253    616
2008-08-04     43     49     74    250    611
2008-08-05     42     50     75    251    614
2008-08-06     44     51     76    258    622
2008-08-07     43     51     75    252    615
2008-08-08     43     51     74    251    614
2008-08-09     42     50     74    250    613
2008-08-10     44     50     74    252    618
2008-08-11     42     50     74    253    614
2008-08-12     42     50     75    253    616
2008-08-13     42     49     73    251    614
2008-08-14     42     49     74    252    613
2008-08-15     43     50     75    250    613
2008-08-16     43     51     75    252    617
2008-08-17     43     50     75    253    620
2008-08-18     43     51     75    252    617
2008-08-19     43     51     75    253    615
2008-08-20     44     51     76    253    617
2008-08-21     43     50     75    253    618
2008-08-22     43     51     75    254    621
2008-08-23     44     51     76    252    615
2008-08-24     45     52     77    254    615
2008-08-25     44     51     75    252    593
2008-08-26     43     51     75    254    617
2008-08-27     43     51     76    255    621
2008-08-28     43     50     75    252    628
2008-08-29     43     51     76    255    622
2008-08-30     43     51     76    254    612
2008-08-31     43     51     75    254    617

#     MEAN   43.1   50.5   75.0  252.7  615.5
