


                             Solar Radio Emission
                    Single-Frequency Total Flux Observations
                        Observing Station: Nobeyama (NBYM)
                    Flux Density in 10^(-22) W m^(-2) Hz^(-1)


             1000   2000   3750   9400  17000
              MHz    MHz    MHz    MHz    MHz

2013-12-01     95    112    136    295    670
2013-12-02     96    112    134    296    669
2013-12-03     98    114    135    298    669
2013-12-04    101    120    141    305    675
2013-12-05    102    122    146    310    686
2013-12-06    108    132    152    316    683
2013-12-07    107    133    154    315    686
2013-12-08    105    135    160    314    686
2013-12-09    111    138    164    321    687
2013-12-10    118    149    176    330    693
2013-12-11    121    150    172    326    686
2013-12-12    121    148    166    322    683
2013-12-13    121    145    160    320    679
2013-12-14    121    145    162    318    676
2013-12-15    121    144    160    318    677
2013-12-16    118    139    157    313    675
2013-12-17    117    138    159    320    678
2013-12-18    114    138    159    321    677
2013-12-19    112    134    158    316    667
2013-12-20    111    133    154    313    657
2013-12-21    109    128    152    314    675
2013-12-22    102    121    147    308    679
2013-12-23    100    120    147    313    675
2013-12-24    101    117    141    303    673
2013-12-25     97    111    130    296    666
2013-12-26     97    108    128    292    666
2013-12-27     96    110    123    295    644
2013-12-28     97    114    133    293    663
2013-12-29     98    119    144    299    669
2013-12-30     98    118    140    302    673
2013-12-31    102    125    150    309    679

#     MEAN  106.9  128.2  149.7  310.0  674.8
