


                             Solar Radio Emission
                    Single-Frequency Total Flux Observations
                        Observing Station: Nobeyama (NBYM)
                    Flux Density in 10^(-22) W m^(-2) Hz^(-1)


             1000   2000   3750   9400  17000
              MHz    MHz    MHz    MHz    MHz

2005-01-01     70     80    104    299    657
2005-01-02     70     81    105    295    656
2005-01-03     68     79    102    295    658
2005-01-04     66     75     97    291    655
2005-01-05     61     68     91    283    647
2005-01-06     61     68     91    287    649
2005-01-07     59     67     90    287    653
2005-01-08     59     68     92    286    652
2005-01-09     59     69     94    289    647
2005-01-10     60     70     94    291    649
2005-01-11     60     72     97    291    649
2005-01-12     62     75    102    290    646
2005-01-13     65     82    113    317    666
2005-01-14     70     89    130    369    705
2005-01-15     78    102    157    408    706
2005-01-16     76    120    158      -    662
2005-01-17     82    112    161    387    707
2005-01-18     80    104    142    372    704
2005-01-19     79    102    145    361    688
2005-01-20     80    100    135    345    668
2005-01-21     78     93    124    339    682
2005-01-22     75     88    117    316    664
2005-01-23     69     80    106    295    645
2005-01-24     68     76    100    293    650
2005-01-25     67     75     99    288    650
2005-01-26     66     74     98    288    647
2005-01-27     62     70     94    287    647
2005-01-28     61     68     92    281    649
2005-01-29     59     67     91    284    648
2005-01-30     58     67     93    288    641
2005-01-31     57     66     92    286    642

#     MEAN   67.2   80.9  109.8  309.6  660.9
