


                             Solar Radio Emission
                    Single-Frequency Total Flux Observations
                        Observing Station: Nobeyama (NBYM)
                    Flux Density in 10^(-22) W m^(-2) Hz^(-1)


             1000   2000   3750   9400  17000
              MHz    MHz    MHz    MHz    MHz

2023-12-01    117    149    162    323    670
2023-12-02    115    144      -    325    675
2023-12-03    104    132      -    314    661
2023-12-04    101    126    143    310    666
2023-12-05     99    125    142    306    657
2023-12-06    101    129    143    312    673
2023-12-07     94    118      -    304    663
2023-12-08     96    126      -    311    673
2023-12-09     92    121      -    311    682
2023-12-10     88    114      -    302    677
2023-12-11     89    113      -    302    667
2023-12-12     89    115      -    304    674
2023-12-13     92    116    131    310    670
2023-12-14     92    121    140    320    682
2023-12-15     97    131    152    330    678
2023-12-16     99    131    149    322    680
2023-12-17    100    134    149    321    669
2023-12-18    106    141    151    321    679
2023-12-19    111    147    157    324    679
2023-12-20    123    162    175    334    680
2023-12-21    128    171    187    337    672
2023-12-22    135    181    191    344    674
2023-12-23    132    169    172    338    672
2023-12-24    129    160    163    329    668
2023-12-25    135    166    166    338    681
2023-12-26    128    156    158    332    671
2023-12-27    120    144    149    326    666
2023-12-28    113    139    147    321    673
2023-12-29    109    137    148    321    673
2023-12-30    105    131    141    315    670
2023-12-31     98    123    137    316    668

#     MEAN  107.6  137.8  154.4  320.1  672.4
