


                             Solar Radio Emission
                    Single-Frequency Total Flux Observations
                        Observing Station: Nobeyama (NBYM)
                    Flux Density in 10^(-22) W m^(-2) Hz^(-1)


             1000   2000   3750   9400  17000
              MHz    MHz    MHz    MHz    MHz

2024-08-01    128    194    242    378    687
2024-08-02    127    199      -    385    692
2024-08-03    132    203      -    382    699
2024-08-04    132    197      -    373    692
2024-08-05    142    210      -    380    690
2024-08-06    150    217    249    386    697
2024-08-07    162    240    275    407    697
2024-08-08    174    253    293    411    698
2024-08-09    173    259    298    418    708
2024-08-10      -    267    302    440    712
2024-08-11    167    251    275    428    713
2024-08-12    163    243    266    438    706
2024-08-13    159    234    254    431    709
2024-08-14    157    225    248    425    703
2024-08-15    150    209    233    414      -
2024-08-16    142    202    224    392    703
2024-08-17    134    195    223    393    711
2024-08-18    133    199    229    395    715
2024-08-19    136    203    231    397    713
2024-08-20    139    209    244    403    715
2024-08-21    140    204    240    399    710
2024-08-22    140    197    232    378    685
2024-08-23    143    204    235    383    693
2024-08-24    139    195    231    384    707
2024-08-25    138    199    230    379      -
2024-08-26    141    202    225    378    694
2024-08-27    139    201    222    369      -
2024-08-28    134    186    206    357    658
2024-08-29    138    184    202    361      -
2024-08-30    141    184    203    367    694
2024-08-31    144    193    215    368    691

#     MEAN  144.6  211.5  241.7  393.5  699.7
