


                             Solar Radio Emission
                    Single-Frequency Total Flux Observations
                        Observing Station: Nobeyama (NBYM)
                    Flux Density in 10^(-22) W m^(-2) Hz^(-1)


             1000   2000   3750   9400  17000
              MHz    MHz    MHz    MHz    MHz

2004-11-01     83    108    140    307    646
2004-11-02     85    108    144    309    666
2004-11-03     79    106    139    314    663
2004-11-04     80    102    135    306    658
2004-11-05     82    102    137    326    671
2004-11-06     79    102    138    335    675
2004-11-07     79    104    141    326    672
2004-11-08     82    104    140    329    675
2004-11-09     75     99    133    314    671
2004-11-10     75     97    133    314    674
2004-11-11     65     79    108    294    648
2004-11-12     65     74    100    284    646
2004-11-13     66     77    101    285    655
2004-11-14     68     80    104    288    656
2004-11-15     70     83    109    291    640
2004-11-16     72     84    108    295    655
2004-11-17     73     87    111    296    661
2004-11-18     72     86    108    295    656
2004-11-19     71     87    110    298    634
2004-11-20     71     83    104    293    660
2004-11-21     72     83    104    293    655
2004-11-22     77     85    107    293    659
2004-11-23     81     90    110    297    661
2004-11-24     82     92    112    298    664
2004-11-25     80     92    111    299    657
2004-11-26     80     92    111    299    659
2004-11-27     81     95    114    300    664
2004-11-28     81     95    114    296    655
2004-11-29     79     92    111    294    655
2004-11-30     80     92    113    297    654

#     MEAN   76.2   92.0  118.3  302.2  658.7
