


                             Solar Radio Emission
                    Single-Frequency Total Flux Observations
                        Observing Station: Nobeyama (NBYM)
                    Flux Density in 10^(-22) W m^(-2) Hz^(-1)


             1000   2000   3750   9400  17000
              MHz    MHz    MHz    MHz    MHz

2014-02-01    105    136    170    348    708
2014-02-02    110    149    191    382    736
2014-02-03    115    157    198    393    742
2014-02-04    114    159    205    400    747
2014-02-05    111    155    197    365    709
2014-02-06    112    160    204    365    715
2014-02-07    108    153    192    355    708
2014-02-08    110    148    183    352    680
2014-02-09    107    139    171    336    698
2014-02-10    108    143    173    333    689
2014-02-11    103    134    160    314    674
2014-02-12    104    138    167    320    678
2014-02-13    101    133    166    325    686
2014-02-14    103    138    172    321    648
2014-02-15    105    134    175    320    636
2014-02-16     98    127    164    309    662
2014-02-17     95    123    155    310    670
2014-02-18     98    127    163    318    670
2014-02-19     97    127    155    309    666
2014-02-20     99    129    159    305    666
2014-02-21     97    129    157    300    665
2014-02-22     99    134    162    306    670
2014-02-23    100    137    164    308    672
2014-02-24    105    143    170    313    675
2014-02-25    105    145    180    320    678
2014-02-26    108    147    175    324    687
2014-02-27    111    149    175    325    676
2014-02-28    116    147    171    326    678

#     MEAN  105.2  140.6  174.0  332.2  685.2
