


                             Solar Radio Emission
                    Single-Frequency Total Flux Observations
                        Observing Station: Nobeyama (NBYM)
                    Flux Density in 10^(-22) W m^(-2) Hz^(-1)


             1000   2000   3750   9400  17000
              MHz    MHz    MHz    MHz    MHz

2011-08-01     73     93    133    297    638
2011-08-02     72     97    132    299    637
2011-08-03     75     95    129    304    648
2011-08-04     70     94    124    293    636
2011-08-05     68     88    116    285    636
2011-08-06     68     84    114    280    635
2011-08-07     69     86    116    284    640
2011-08-08     69     85    115    279    632
2011-08-09     68     81    109    281    627
2011-08-10     69     78    102    275    626
2011-08-11     64     72     95    266    614
2011-08-12     63     70     92    263    621
2011-08-13     63     68     90    262    623
2011-08-14     62     69     91    264    617
2011-08-15     64     71     95    270    622
2011-08-16     62     73     99    272    625
2011-08-17     64     77    105    277    629
2011-08-18     64     80    104    267    622
2011-08-19     65     81    103    270    622
2011-08-20     66     82    103    278    598
2011-08-21     67     83    104    273    602
2011-08-22     68     85    109    274    640
2011-08-23     71     88    116    279    624
2011-08-24     71     87    111    278    631
2011-08-25     72     87    108    282    633
2011-08-26     71     85    109    278    658
2011-08-27     72     87    107    279    644
2011-08-28     73     86    106    281    657
2011-08-29     72     84    108    279    650
2011-08-30     71     84    106    282    652
2011-08-31     71     86    108    282    646

#     MEAN   68.2   82.8  108.4  278.3  631.8
