


                             Solar Radio Emission
                    Single-Frequency Total Flux Observations
                        Observing Station: Nobeyama (NBYM)
                    Flux Density in 10^(-22) W m^(-2) Hz^(-1)


             1000   2000   3750   9400  17000
              MHz    MHz    MHz    MHz    MHz

2011-04-01     87     99    113    285    653
2011-04-02     87     98    109    284    649
2011-04-03     85     96    111    287    648
2011-04-04     85     97    115    291    649
2011-04-05     83     96    112    288    651
2011-04-06     80     94    111    286    654
2011-04-07     79     96    115    289    653
2011-04-08     78     95    113    287    654
2011-04-09     75     92    109    284    626
2011-04-10     75     91    105    280    644
2011-04-11     73     89    106    279    643
2011-04-12     73     89    108    283    641
2011-04-13     74     94    112    285    654
2011-04-14     74     98    120    290    656
2011-04-15     76    100    126    291    655
2011-04-16     76    103    129    301    663
2011-04-17     75     97    118    289    650
2011-04-18     72     95    117    286    652
2011-04-19     71     91    113    288    639
2011-04-20     71     89    115    286    634
2011-04-21     71     92    116    288    646
2011-04-22     70     94    122    296    648
2011-04-23     72     94    123    292    638
2011-04-24     75     96    121    288    641
2011-04-25     76     95    118    288    638
2011-04-26     77     93    114    285    642
2011-04-27     76     90    110    282    649
2011-04-28     77     92    110    281    640
2011-04-29     77     94    115    285    645
2011-04-30     77     94    112    284    647

#     MEAN   76.6   94.3  114.6  286.9  646.8
