


                             Solar Radio Emission
                    Single-Frequency Total Flux Observations
                        Observing Station: Nobeyama (NBYM)
                    Flux Density in 10^(-22) W m^(-2) Hz^(-1)


             1000   2000   3750   9400  17000
              MHz    MHz    MHz    MHz    MHz

2017-02-01     51     61      -    266    633
2017-02-02     50     60     85    262    621
2017-02-03     50     59     85    264    631
2017-02-04      -     59     85    264    632
2017-02-05      -     58     84    263    635
2017-02-06     47     57     83    263    631
2017-02-07     47     56     82    261    625
2017-02-08     47     57     82    262    627
2017-02-09     49     59     85    261    623
2017-02-10     48     57     84    261    623
2017-02-11     47     56     84    260    622
2017-02-12     49     60     85    260    624
2017-02-13     49     58     84    260      -
2017-02-14     49     59     85    262    628
2017-02-15     49     58     84    262    628
2017-02-16     50     59     84    264    631
2017-02-17     49     59     83    263    638
2017-02-18     48     57     82    259    615
2017-02-19     50     61     85    259    627
2017-02-20     50     63     87    263      -
2017-02-21     51     62     90    264    623
2017-02-22     53     66     92    266    624
2017-02-23     54     66     91    268    629
2017-02-24     55     66     90    267    628
2017-02-25     54     65     90    266    629
2017-02-26     53     64     88    265    630
2017-02-27     54     64     89    264    630
2017-02-28     53     66     91    268    632

#     MEAN   50.2   60.4   85.9  263.2  627.7
