


                             Solar Radio Emission
                    Single-Frequency Total Flux Observations
                        Observing Station: Nobeyama (NBYM)
                    Flux Density in 10^(-22) W m^(-2) Hz^(-1)


             1000   2000   3750   9400  17000
              MHz    MHz    MHz    MHz    MHz

2013-05-01     98    130    158    309    670
2013-05-02     97    126    150    298    651
2013-05-03     98    124    146    296    654
2013-05-04     95    122    146    295    651
2013-05-05     93    118    140    293    656
2013-05-06     96    117    139    294    659
2013-05-07     92    112    132    290    647
2013-05-08     92    112    132    292    656
2013-05-09     87    107    132    294    666
2013-05-10     88    110    136    303    671
2013-05-11     84    104    128    293    648
2013-05-12     90    114    141    301    667
2013-05-13     94    124    156    315    678
2013-05-14     95    127    147    312    674
2013-05-15    103    127    145    300    670
2013-05-16    102    128    145    296    662
2013-05-17    100    126    142    297    664
2013-05-18     97    120    140    295    661
2013-05-19     94    118    138    295    663
2013-05-20     92    116    136    297    666
2013-05-21     90    111    132    295    667
2013-05-22     90    111    133    293    668
2013-05-23     90    113    136    293    658
2013-05-24     88    112    133    290    661
2013-05-25     89    109    127    284    660
2013-05-26     88    105    120    281    658
2013-05-27     87    103    118    283    652
2013-05-28     85     96    111    275    646
2013-05-29     83     95    110    276    629
2013-05-30     84     94    111    277    625
2013-05-31     81     90    107    273    644

#     MEAN   91.7  113.6  134.4  293.1  658.3
