


                             Solar Radio Emission
                    Single-Frequency Total Flux Observations
                        Observing Station: Nobeyama (NBYM)
                    Flux Density in 10^(-22) W m^(-2) Hz^(-1)


             1000   2000   3750   9400  17000
              MHz    MHz    MHz    MHz    MHz

2004-04-01     77     96    121    291    645
2004-04-02     73     92    113    288    646
2004-04-03     73     87    107    287    631
2004-04-04     72     86    109    281    614
2004-04-05     70     88    110    281    632
2004-04-06     73     85    107    284    638
2004-04-07     71     82    104    280    641
2004-04-08     70     78     99    275    626
2004-04-09     66     74     95    276    630
2004-04-10     65     71     92    273    630
2004-04-11     65     71     93    274    632
2004-04-12     63     72     95    276    636
2004-04-13     64     74     97    279    635
2004-04-14     66     76     99    281    625
2004-04-15     68     77    102    282    635
2004-04-16     69     78    100    280    638
2004-04-17     69     78    101    281    636
2004-04-18     70     81    103    282    640
2004-04-19     73     88    112    289    642
2004-04-20     76     91    111    292    642
2004-04-21     75     91    111    291    646
2004-04-22     77     90    112    293    643
2004-04-23     77     93    116    300    643
2004-04-24     74     91    114    294    636
2004-04-25     70     88    112    293    633
2004-04-26     69     84    108    287    637
2004-04-27     68     78    101    280    618
2004-04-28     65     74     98    279    629
2004-04-29     62     70     95    274    624
2004-04-30     64     71     94    272    632

#     MEAN   69.8   81.8  104.3  283.1  634.4
