


                             Solar Radio Emission
                    Single-Frequency Total Flux Observations
                        Observing Station: Nobeyama (NBYM)
                    Flux Density in 10^(-22) W m^(-2) Hz^(-1)


             1000   2000   3750   9400  17000
              MHz    MHz    MHz    MHz    MHz

2014-04-01    103    128    146    307    661
2014-04-02    105    127    147    307    657
2014-04-03    106    130    153    310    654
2014-04-04    104    129    150    309    652
2014-04-05    101    128    144    301    650
2014-04-06     97    120    134    296    649
2014-04-07    100    121    133    301    658
2014-04-08     96    117    131    302    660
2014-04-09     95    113    132    299    657
2014-04-10     96    117    136    306    664
2014-04-11     95    114    135    303    657
2014-04-12     92    113    136    301    654
2014-04-13     93    115    136    302    654
2014-04-14     95    119    140    301    653
2014-04-15    100    128    151    308    658
2014-04-16    103    136    164    314    665
2014-04-17    111    147    176    316    666
2014-04-18    111    149    176    318    652
2014-04-19    111    143    167    310    654
2014-04-20    111    142    164    309    655
2014-04-21    108    137    154    309    644
2014-04-22    104    131    153    306    649
2014-04-23    101    121    141    306    652
2014-04-24     96    113    134    299    650
2014-04-25     99    122    143    307    667
2014-04-26     91    105    124    292    652
2014-04-27     89    103    122    288    645
2014-04-28     88    101    121    286    640
2014-04-29     89    102    123    285    634
2014-04-30     87    102    124    285    626

#     MEAN   99.2  122.5  143.0  302.7  652.8
