


                             Solar Radio Emission
                    Single-Frequency Total Flux Observations
                        Observing Station: Nobeyama (NBYM)
                    Flux Density in 10^(-22) W m^(-2) Hz^(-1)


             1000   2000   3750   9400  17000
              MHz    MHz    MHz    MHz    MHz

2014-10-01    109    140    166    322    674
2014-10-02    110    138    159    322    676
2014-10-03    110    133    152    318    679
2014-10-04    106    124    139    306    664
2014-10-05    105    120    131    299    643
2014-10-06    103    120    134    304    648
2014-10-07    103    120    134    302    648
2014-10-08    100    115    129    301    657
2014-10-09    101    118    135    311    660
2014-10-10     95    108    128    300    657
2014-10-11     92    106    122    298    658
2014-10-12     90    104    121    295    651
2014-10-13     88    101    119    293    648
2014-10-14     88    106    122    298    653
2014-10-15    103    136    155    327    673
2014-10-16     97    115    131    306    656
2014-10-17    102    126    150    319    664
2014-10-18    103    133    159    342    677
2014-10-19    110    148    180    375    703
2014-10-20    117    155    191    399    684
2014-10-21    118    163    209    420    688
2014-10-22    121    167    219    432    684
2014-10-23    123    177    238    432    669
2014-10-24    126    185    251    419    685
2014-10-25    126    179    232    409    703
2014-10-26    124    181    245    427    719
2014-10-27    121    171    231    421    745
2014-10-28    116    158    209    410    729
2014-10-29    114    148    189    392    727
2014-10-30    109    133    164    356    700
2014-10-31    102    118    137    312    671

#     MEAN  107.5  137.0  167.1  347.3  677.2
