


                             Solar Radio Emission
                    Single-Frequency Total Flux Observations
                        Observing Station: Nobeyama (NBYM)
                    Flux Density in 10^(-22) W m^(-2) Hz^(-1)


             1000   2000   3750   9400  17000
              MHz    MHz    MHz    MHz    MHz

2014-08-01    109    134    156    304    658
2014-08-02    113    140    157    307    660
2014-08-03    110    136    149    301    655
2014-08-04    108    133    144    299    657
2014-08-05    103    126    139    294    653
2014-08-06     98    120    135    292    654
2014-08-07     94    118    138    294    653
2014-08-08     93    116    135    294    639
2014-08-09     85    105    125    286    640
2014-08-10     80     98    116    277    651
2014-08-11     77     93    111    277    638
2014-08-12     74     91    110    273    631
2014-08-13     73     89    112    278    637
2014-08-14     71     87    110    272    633
2014-08-15     72     90    110    276    636
2014-08-16     77     97    118    282    643
2014-08-17     80     97    116    284    641
2014-08-18     81     98    117    280    643
2014-08-19     80     95    112    279    644
2014-08-20     82     98    114    280    642
2014-08-21     85    105    126    291    646
2014-08-22     91    111    133    297    653
2014-08-23     93    110    134    296    648
2014-08-24     94    114    137    296    654
2014-08-25     95    118    141    301    649
2014-08-26     93    115    135    299    646
2014-08-27     92    112    131    295    639
2014-08-28     92    108    124    290    635
2014-08-29     95    109    125    290    640
2014-08-30     93    108    130    297    645
2014-08-31     91    108    131    294    639

#     MEAN   89.5  109.0  128.1  289.5  645.3
