


                             Solar Radio Emission
                    Single-Frequency Total Flux Observations
                        Observing Station: Nobeyama (NBYM)
                    Flux Density in 10^(-22) W m^(-2) Hz^(-1)


             1000   2000   3750   9400  17000
              MHz    MHz    MHz    MHz    MHz

2005-06-01     63     77    100    266    631
2005-06-02     63     76     98    266    625
2005-06-03     66     77     99    274    625
2005-06-04     66     77    102    266    618
2005-06-05     67     79    104    270    623
2005-06-06     70     85    108    273    625
2005-06-07     69     83    111    274    627
2005-06-08     72     86    116    277    631
2005-06-09     72     89    122    279    629
2005-06-10     72     90    124    279    624
2005-06-11     69     86    118    273    630
2005-06-12     71     84    115    280    623
2005-06-13     66     81    106    269    623
2005-06-14     62     73     98    265    620
2005-06-15     63     73    100    262    598
2005-06-16     61     72    103    264    589
2005-06-17     64     76    108    273    623
2005-06-18     62     71    100    265    624
2005-06-19     61     69     94    260    618
2005-06-20     63     67     90    255    621
2005-06-21     59     66     92    257    617
2005-06-22     59     63     88    253    591
2005-06-23     60     63     84    261    608
2005-06-24     58     61     84    251    612
2005-06-25     59     61     83    254    615
2005-06-26     60     61     84    255    612
2005-06-27     59     62     85    255    617
2005-06-28     62     64     87    257    618
2005-06-29     64     66     88    258    616
2005-06-30     67     74     97    264    622

#     MEAN   64.3   73.8   99.7  265.2  618.5
