


                             Solar Radio Emission
                    Single-Frequency Total Flux Observations
                        Observing Station: Nobeyama (NBYM)
                    Flux Density in 10^(-22) W m^(-2) Hz^(-1)


             1000   2000   3750   9400  17000
              MHz    MHz    MHz    MHz    MHz

2010-10-01     58     72     99    272    638
2010-10-02     57     69     95    268    644
2010-10-03     56     67     93    266    639
2010-10-04     54     64     89    269    654
2010-10-05     54     62     87    263    635
2010-10-06     53     60     86    262    637
2010-10-07     52     60     84    262    641
2010-10-08     53     61     85    262    642
2010-10-09     53     61     85    262    646
2010-10-10     54     63     87    263    648
2010-10-11     55     63     86    266    644
2010-10-12     55     62     84    265    647
2010-10-13     56     63     87    266    649
2010-10-14     57     65     88    265    643
2010-10-15     59     67     91    267    647
2010-10-16     61     71     95    270    651
2010-10-17     59     70     94    268    650
2010-10-18     59     70     95    266    645
2010-10-19     60     73     98    269    646
2010-10-20     59     71     96    269    644
2010-10-21     60     71     95    270    645
2010-10-22     64     72     96    270    649
2010-10-23     60     69     93    268    654
2010-10-24     59     70     93    268    647
2010-10-25     58     68     93    269    651
2010-10-26     59     72     99    272    648
2010-10-27     58     71     99    273    640
2010-10-28     57     71    101    274    645
2010-10-29     57     71    101    277    643
2010-10-30     56     70     98    276    636
2010-10-31     57     69     98    277    637

#     MEAN   57.1   67.4   92.6  268.2  644.8
