


                             Solar Radio Emission
                    Single-Frequency Total Flux Observations
                        Observing Station: Nobeyama (NBYM)
                    Flux Density in 10^(-22) W m^(-2) Hz^(-1)


             1000   2000   3750   9400  17000
              MHz    MHz    MHz    MHz    MHz

2016-02-01     72     87    108    279    637
2016-02-02     73     88    108    280    642
2016-02-03     73     91    114    282    651
2016-02-04     80     99    120    285    653
2016-02-05     82    103    124    292    659
2016-02-06     86    103    123    290    653
2016-02-07     83    104    123    286    652
2016-02-08     83    102    119    285    653
2016-02-09     87    106    123    289    654
2016-02-10     83    100    116    282    648
2016-02-11     82    100    117    283    656
2016-02-12     82     99    118    290    659
2016-02-13     79     97    116    291    657
2016-02-14     78     96    118    291    663
2016-02-15     75     93    115    289    648
2016-02-16     73     89    114    288    652
2016-02-17     70     85    108    283    652
2016-02-18     69     84    104    278    649
2016-02-19     69     85    106    282    655
2016-02-20     69     82    104    283    655
2016-02-21     68     84    106    277    649
2016-02-22     67     82    103    274    645
2016-02-23     65     80    101    273    647
2016-02-24     64     78     99    270    638
2016-02-25     63     77     97    269    639
2016-02-26     64     78     99    270    641
2016-02-27     64     77     99    270    641
2016-02-28     66     81    102    274    642
2016-02-29     67     81    101    273    639

#     MEAN   73.7   90.0  110.5  281.3  649.2
