


                             Solar Radio Emission
                    Single-Frequency Total Flux Observations
                        Observing Station: Nobeyama (NBYM)
                    Flux Density in 10^(-22) W m^(-2) Hz^(-1)


             1000   2000   3750   9400  17000
              MHz    MHz    MHz    MHz    MHz

2013-07-01     85     89    109    275    643
2013-07-02     87     94    116    280    650
2013-07-03     85     95    124    288    646
2013-07-04     88    104    131    289    641
2013-07-05     90    109    140    289    646
2013-07-06     94    114    142    288    656
2013-07-07     89    109    137    281    652
2013-07-08     89    105    134    281    649
2013-07-09     82    100    127    275    648
2013-07-10     83     99    125    277    645
2013-07-11     81     98    122    277    643
2013-07-12     82     98    118    278    648
2013-07-13     84    100    119    282    650
2013-07-14     82     95    117    281    653
2013-07-15     82     96    119    285    657
2013-07-16     83     98    120    281    648
2013-07-17     82     96    115    280    651
2013-07-18     85     97    114    277    650
2013-07-19     87    100    115    279    652
2013-07-20     88    100    116    281    652
2013-07-21     85     98    116    279    656
2013-07-22     86     97    114    279    639
2013-07-23     82     92    110    276    648
2013-07-24     81     93    113    276    646
2013-07-25     81     94    113    279    649
2013-07-26     79     91    113    278    645
2013-07-27     81     92    113    281    653
2013-07-28     79     93    117    285    651
2013-07-29     78     94    116    281    628
2013-07-30     79     95    118    285    655
2013-07-31     80     96    118    285    656

#     MEAN   83.8   97.7  120.0  280.9  648.6
