


                             Solar Radio Emission
                    Single-Frequency Total Flux Observations
                        Observing Station: Nobeyama (NBYM)
                    Flux Density in 10^(-22) W m^(-2) Hz^(-1)


             1000   2000   3750   9400  17000
              MHz    MHz    MHz    MHz    MHz

2010-07-01     54     58     81    257      -
2010-07-02     55     59     82    258    621
2010-07-03     54     58     81    256    619
2010-07-04     54     57     80    256    625
2010-07-05     53     58     81    256    623
2010-07-06     52     58     81    256    627
2010-07-07     52     58     81    256    621
2010-07-08     52     59     82    258    627
2010-07-09     52     61     83    259    620
2010-07-10     54     63     86    262    633
2010-07-11     53     65     88    264    626
2010-07-12     54     66     88    261    631
2010-07-13     55     65     88    267    619
2010-07-14     54     64     85    260    627
2010-07-15     54     63     84    258    622
2010-07-16     55     63     84    261    632
2010-07-17     55     63     84    261    630
2010-07-18     55     64     85    262    631
2010-07-19     53     63     86    261    629
2010-07-20     54     65     89    264    633
2010-07-21     56     69     96    267    631
2010-07-22     56     70     98    268    636
2010-07-23     55     68     97    267    634
2010-07-24     55     68     93    265    634
2010-07-25     56     68     92    264    632
2010-07-26     55     68     91    263    629
2010-07-27     56     68     91    265    634
2010-07-28     56     68     89    266    637
2010-07-29     57     71     94    268    634
2010-07-30     57     68     91    264    634
2010-07-31     56     66     90    265    630

#     MEAN   54.4   64.0   87.1  261.8  628.7
