


                             Solar Radio Emission
                    Single-Frequency Total Flux Observations
                        Observing Station: Nobeyama (NBYM)
                    Flux Density in 10^(-22) W m^(-2) Hz^(-1)


             1000   2000   3750   9400  17000
              MHz    MHz    MHz    MHz    MHz

2007-08-01     46     53     77    254    617
2007-08-02     46     53     77    254    615
2007-08-03     46     54     78    256    617
2007-08-04     46     54     79    258    619
2007-08-05     46     53     78    256    616
2007-08-06     46     54     79    258    621
2007-08-07     47     54     79    258    625
2007-08-08     46     54     78    257    621
2007-08-09     45     53     77    256    621
2007-08-10     45     52     77    255    618
2007-08-11     44     52     76    255    617
2007-08-12     45     52     76    255    622
2007-08-13     45     53     77    255    618
2007-08-14     45     52     77    255    625
2007-08-15     46     53     78    257    620
2007-08-16     45     52     77    257    619
2007-08-17     44     52     77    257    624
2007-08-18     44     52     77    258    620
2007-08-19     44     52     78    257    625
2007-08-20     45     53     78    257    624
2007-08-21     45     51     79    257    624
2007-08-22     45     54     78    257    620
2007-08-23     45     54     79    253    615
2007-08-24     46     55     80    257    628
2007-08-25     47     56     81    251    623
2007-08-26     46     55     80    251    623
2007-08-27     46     54     79    251    621
2007-08-28     46     54     79    250    627
2007-08-29     45     54     79    256    614
2007-08-30     45     54     78    250    620
2007-08-31     45     55     80    255    600

#     MEAN   45.3   53.3   78.1  255.2  619.9
