


                             Solar Radio Emission
                    Single-Frequency Total Flux Observations
                        Observing Station: Nobeyama (NBYM)
                    Flux Density in 10^(-22) W m^(-2) Hz^(-1)


             1000   2000   3750   9400  17000
              MHz    MHz    MHz    MHz    MHz

2010-11-01     55     66     93    272    639
2010-11-02     55     64     90    265    637
2010-11-03     55     65     90    267    641
2010-11-04     57     66     91    268    646
2010-11-05     58     70     96    276    656
2010-11-06     57     69     94    270    651
2010-11-07     59     72     99    274    658
2010-11-08     60     71     95    269    656
2010-11-09     61     72     93    266    647
2010-11-10     62     72     94    269    649
2010-11-11     62     73     96    271    654
2010-11-12     61     71     94    270    651
2010-11-13     62     73     96    271    659
2010-11-14     62     72     95    271    661
2010-11-15     63     76    101    275    648
2010-11-16     64     77    103    279    656
2010-11-17     66     79    103    278    655
2010-11-18     63     76     99    278    649
2010-11-19     62     73     98    273    653
2010-11-20     61     71     94    271    660
2010-11-21     59     67     91    268    655
2010-11-22     57     65     89    269    647
2010-11-23     56     63     88    267    642
2010-11-24     56     63     88    267    652
2010-11-25     56     65     89    269    658
2010-11-26     57     65     89    268    660
2010-11-27     57     64     88    268    659
2010-11-28     56     65     89    267    656
2010-11-29     58     68     92    270    659
2010-11-30     59     70     96    273    657

#     MEAN   59.2   69.4   93.7  270.6  652.4
