


                             Solar Radio Emission
                    Single-Frequency Total Flux Observations
                        Observing Station: Nobeyama (NBYM)
                    Flux Density in 10^(-22) W m^(-2) Hz^(-1)


             1000   2000   3750   9400  17000
              MHz    MHz    MHz    MHz    MHz

2012-08-01    101    122    138    300    657
2012-08-02     95    118    133    296    655
2012-08-03     98    119    134    298    655
2012-08-04     98    120    134    299    659
2012-08-05     99    121    135    298    663
2012-08-06     93    115    131    294    649
2012-08-07     91    115    134    294    655
2012-08-08     89    111    131    293    659
2012-08-09     92    118    137    296    664
2012-08-10     86    108    125    288    655
2012-08-11     83    103    120    286    629
2012-08-12     80     99    114    284    617
2012-08-13     79     95    114    283    608
2012-08-14     73     91    112    282    603
2012-08-15     73     89    111    283    606
2012-08-16     71     84    107    280    599
2012-08-17     69     80    103    278    613
2012-08-18     67     81    103    278    604
2012-08-19     66     82    103    276    603
2012-08-20     67     81    103    275    610
2012-08-21     69     81    102    274    595
2012-08-22     69     80    100    273    599
2012-08-23     72     80    101    272    590
2012-08-24     73     84    103    274    649
2012-08-25     77     91    111    282    654
2012-08-26     81     93    114    283    652
2012-08-27     83     95    114    283    652
2012-08-28     83     96    115    283    652
2012-08-29     85     98    116    284    658
2012-08-30     92    105    124    292    663
2012-08-31     96    112    134    301    668

#     MEAN   82.3   98.9  117.9  285.8  635.2
