


                             Solar Radio Emission
                    Single-Frequency Total Flux Observations
                        Observing Station: Nobeyama (NBYM)
                    Flux Density in 10^(-22) W m^(-2) Hz^(-1)


             1000   2000   3750   9400  17000
              MHz    MHz    MHz    MHz    MHz

2015-01-01    100    121    142    315    642
2015-01-02     99    120    143      -    665
2015-01-03    104    128    151      -    666
2015-01-04    105    133    155    318    669
2015-01-05    108    135    155    320    674
2015-01-06    110    134    158    328    675
2015-01-07    110    131    143    315    669
2015-01-08    115    136    148    319    670
2015-01-09    123    141    157    324    668
2015-01-10    120    138    153    317    669
2015-01-11    127    139    158    326    678
2015-01-12    125    140    158    328    671
2015-01-13    128    139    157    326    671
2015-01-14    126    132    150      -    675
2015-01-15    123    128    140    319    670
2015-01-16    117    120    133    314    676
2015-01-17    109    115    127    308    658
2015-01-18    107    116    126    306    659
2015-01-19    107    116    131    307    662
2015-01-20    102    112    130    307    664
2015-01-21     99    111    128    308    666
2015-01-22    100    116    133      -      -
2015-01-23     90    104    124    305    654
2015-01-24     91    108    127    305    656
2015-01-25     92    112    130    307    661
2015-01-26     93    115    132    309    667
2015-01-27    100    126    148    315    669
2015-01-28    106    137    159    330    671
2015-01-29    107    140    164    327    672
2015-01-30    114    151    180    322    661
2015-01-31    111    138    154    300    656

#     MEAN  108.7  126.8  144.9  315.7  666.1
