


                             Solar Radio Emission
                    Single-Frequency Total Flux Observations
                        Observing Station: Nobeyama (NBYM)
                    Flux Density in 10^(-22) W m^(-2) Hz^(-1)


             1000   2000   3750   9400  17000
              MHz    MHz    MHz    MHz    MHz

2013-11-01     95    121    144    312    671
2013-11-02     97    120    145    309    676
2013-11-03     99    124    148    315    682
2013-11-04     94    122    149    310    662
2013-11-05     98    126    152    314    672
2013-11-06     98    129    158    318    681
2013-11-07     98    130    157    313    683
2013-11-08     97    125    155    305    670
2013-11-09     97    123    146    305    668
2013-11-10     96    123    151    311    675
2013-11-11    103    131    164    318    673
2013-11-12    105    138    177    324    669
2013-11-13    103    136    170    317    670
2013-11-14    107    145    177    323    681
2013-11-15    114    150    176    331    676
2013-11-16    117    152    177    340    689
2013-11-17    122    154    178    343    683
2013-11-18    120    150    175    346    686
2013-11-19    115    139    163    333    676
2013-11-20    114    134    154    331    677
2013-11-21    107    124    147    319    674
2013-11-22    109    124    145    318    679
2013-11-23    105    127    150    326    689
2013-11-24     99    119    140    312    685
2013-11-25     92    107    130    300    664
2013-11-26     88     99    121    291    662
2013-11-27     88    101    123    292    664
2013-11-28     94    114    140    302    671
2013-11-29     92    109    133    292    665
2013-11-30     94    109    132    292    666

#     MEAN  101.9  126.8  152.5  315.4  674.7
