


                             Solar Radio Emission
                    Single-Frequency Total Flux Observations
                        Observing Station: Nobeyama (NBYM)
                    Flux Density in 10^(-22) W m^(-2) Hz^(-1)


             1000   2000   3750   9400  17000
              MHz    MHz    MHz    MHz    MHz

2024-05-01     93    120    137    307      -
2024-05-02     91    118    135    302    627
2024-05-03     93    126    152    316    642
2024-05-04     97    137    172    335    658
2024-05-05    101    139    173    343    655
2024-05-06    101    139    167    347    654
2024-05-07    110    155    189    355      -
2024-05-08    112    166    214    390    682
2024-05-09    116    174    232    427    674
2024-05-10    119    181    236    440    688
2024-05-11    127    189    235    429    700
2024-05-12    131    184    212    409    684
2024-05-13    133    186    212    391      -
2024-05-14    137    189    202    371    675
2024-05-15    143    192    199    358    681
2024-05-16    142    189    197    352      -
2024-05-17    144    189    194    347    667
2024-05-18    142    189    194    347    673
2024-05-19    138    182    189    344    665
2024-05-20    137    179    186    347    663
2024-05-21    129    175    184    345    662
2024-05-22    124    171    187    345    657
2024-05-23    121    170    190    356    667
2024-05-24    112    158    175    340    671
2024-05-25    105    142    159    330    652
2024-05-26    100    135    155    322    641
2024-05-27     99    136    160    328    629
2024-05-28    102    144    170    334      -
2024-05-29    103    146    175    327    640
2024-05-30    106    147    175    321    643
2024-05-31    108    148    174    315      -

#     MEAN  116.6  161.1  184.9  352.2  662.0
