


                             Solar Radio Emission
                    Single-Frequency Total Flux Observations
                        Observing Station: Nobeyama (NBYM)
                    Flux Density in 10^(-22) W m^(-2) Hz^(-1)


             1000   2000   3750   9400  17000
              MHz    MHz    MHz    MHz    MHz

2009-08-01     45     52     76    253    612
2009-08-02     44     51     76    246    591
2009-08-03     45     52     76    252    609
2009-08-04     44     51     75    252    599
2009-08-05     43     50     75    252    588
2009-08-06     43     51     75    249    587
2009-08-07     45     53     76    253    588
2009-08-08     44     51     76    251    590
2009-08-09     44     51     75    252    593
2009-08-10     43     51     75    245    589
2009-08-11     44     52     76    252    586
2009-08-12     44     51     76    252    603
2009-08-13     43     51     75    252    577
2009-08-14     44     52     76    253    605
2009-08-15     45     52     77    253    614
2009-08-16     45     53     77    253    599
2009-08-17     45     53     77    254    613
2009-08-18     45     53     77    254    616
2009-08-19     44     52     76    253    616
2009-08-20     44     52     76    252    588
2009-08-21     43     51     75    252    595
2009-08-22     43     50     75    251    620
2009-08-23     43     51     76    254    619
2009-08-24     44     51     76    252    619
2009-08-25     45     52     77    253    627
2009-08-26     44     52     76    253    627
2009-08-27     45     52     76    254    626
2009-08-28     45     52     77    256    629
2009-08-29     45     52     76    256    629
2009-08-30     45     52     77    255    625
2009-08-31     44     51     75    253    618

#     MEAN   44.2   51.6   75.9  252.3  606.3
