


                             Solar Radio Emission
                    Single-Frequency Total Flux Observations
                        Observing Station: Nobeyama (NBYM)
                    Flux Density in 10^(-22) W m^(-2) Hz^(-1)


             1000   2000   3750   9400  17000
              MHz    MHz    MHz    MHz    MHz

2016-07-01     56     60     81    250    618
2016-07-02     54     59     79    248    613
2016-07-03     53     58     79    249    618
2016-07-04     53     59     80    249    622
2016-07-05     52     59     81    250    613
2016-07-06     56     63     84    255    623
2016-07-07     57     65     87    256    626
2016-07-08     59     69     91    262    631
2016-07-09     57     73     93    260    610
2016-07-10     63     78     99    265    635
2016-07-11     65     79     98    266    632
2016-07-12     67     81     98    267    634
2016-07-13     67     80     97    265    625
2016-07-14     69     80     97    266    628
2016-07-15     68     82    100    266    628
2016-07-16     69     87    110    281    630
2016-07-17     68     86    109    275    633
2016-07-18     66     89    116    280    635
2016-07-19     65     86    113    276    634
2016-07-20     64     83    114    283    640
2016-07-21     63     85    112    280    633
2016-07-22     56     76    107    272    609
2016-07-23     55     70    100    273    628
2016-07-24     53     67     91    261    626
2016-07-25     52     64     86    258    626
2016-07-26     48     59     81    250    601
2016-07-27     48     58     79    251    615
2016-07-28     47     57     78    249    614
2016-07-29     48     57     79    251    616
2016-07-30     47     57     79    251    622
2016-07-31     48     57     80    252    621

#     MEAN   57.8   70.4   92.8  261.8  623.9
