


                             Solar Radio Emission
                    Single-Frequency Total Flux Observations
                        Observing Station: Nobeyama (NBYM)
                    Flux Density in 10^(-22) W m^(-2) Hz^(-1)


             1000   2000   3750   9400  17000
              MHz    MHz    MHz    MHz    MHz

2005-04-01     51     59     84    265    626
2005-04-02     51     60     85    262    628
2005-04-03     53     62     87    262    630
2005-04-04     54     63     88    269    620
2005-04-05     56     67     91    262    627
2005-04-06     58     68     94    269    638
2005-04-07     59     69     93    269    633
2005-04-08     59     69     92    266    630
2005-04-09     60     69     92    266    631
2005-04-10     60     70     92    267    634
2005-04-11     60     69     93    268    621
2005-04-12     60     69     92    271    607
2005-04-13     59     66     88    265    616
2005-04-14     58     66     89    264    626
2005-04-15     59     68     92    263    626
2005-04-16     57     66     89    261    626
2005-04-17     56     65     89    264    627
2005-04-18     56     64     88    263    631
2005-04-19     54     63     86    262    628
2005-04-20     54     60     84    261    614
2005-04-21     52     59     82    260    624
2005-04-22     51     58     83    260    619
2005-04-23     50     59     83    260    623
2005-04-24     52     61     86    261    628
2005-04-25     52     62     89    266    630
2005-04-26     54     67     93    270    627
2005-04-27     55     69     97    275    626
2005-04-28     58     73    103    291    633
2005-04-29     59     76    106    293    634
2005-04-30     62     80    113    297    634

#     MEAN   55.9   65.8   90.8  267.7  626.5
