


                             Solar Radio Emission
                    Single-Frequency Total Flux Observations
                        Observing Station: Nobeyama (NBYM)
                    Flux Density in 10^(-22) W m^(-2) Hz^(-1)


             1000   2000   3750   9400  17000
              MHz    MHz    MHz    MHz    MHz

2006-11-01     52     62     90    273    645
2006-11-02     53     67     93    274    644
2006-11-03     54     68     95    268    646
2006-11-04     55     68     93    269    641
2006-11-05     54     66     92    269    649
2006-11-06     55     65     90    270    648
2006-11-07     55     66     91    276    646
2006-11-08     56     67     96    283    655
2006-11-09     54     67     95    292    659
2006-11-10     56     70     98    296    665
2006-11-11     57     72    101    298    639
2006-11-12     58     74    103    306    651
2006-11-13     60     75    105    303    658
2006-11-14     58     74    104    302    655
2006-11-15     59     73    102    303    651
2006-11-16     59     75    103    302    652
2006-11-17     57     72     98    299    647
2006-11-18     56     70     96    297    648
2006-11-19     55     68     95    295    633
2006-11-20     55     65     92    292    650
2006-11-21     52     62     88    288    649
2006-11-22     51     61     86    284    653
2006-11-23     50     59     85    286    646
2006-11-24     48     58     85    288    645
2006-11-25     49     60     87    291    651
2006-11-26     50     60     87    288    642
2006-11-27     53     63     89    289    645
2006-11-28     55     65     91    291    648
2006-11-29     54     66     93    291    655
2006-11-30     55     67     94    295    646

#     MEAN   54.5   66.8   93.8  288.7  648.7
