


                             Solar Radio Emission
                    Single-Frequency Total Flux Observations
                        Observing Station: Nobeyama (NBYM)
                    Flux Density in 10^(-22) W m^(-2) Hz^(-1)


             1000   2000   3750   9400  17000
              MHz    MHz    MHz    MHz    MHz

2008-01-01     51     60     85    269    637
2008-01-02     50     61     86    270    644
2008-01-03     51     62     86    270    649
2008-01-04     52     63     86    269    649
2008-01-05     53     63     86    269    647
2008-01-06     54     62     86    270    654
2008-01-07     53     62     85    268    646
2008-01-08     51     60     84    268    650
2008-01-09     51     59     83    267    650
2008-01-10     51     58     83    267    648
2008-01-11     51     58     83    269    653
2008-01-12     50     58     83    267    633
2008-01-13     50     59     84    267    622
2008-01-14     48     58     84    268    643
2008-01-15     48     57     83    268    646
2008-01-16     47     56     81    267    644
2008-01-17     46     55     81    266    636
2008-01-18     46     55     81    265    636
2008-01-19     46     54     80    265    639
2008-01-20     45     54     79    264    639
2008-01-21     45     54     80    264    638
2008-01-22     46     54     80    263    642
2008-01-23     45     54     79    270    627
2008-01-24     44     54     80    265    641
2008-01-25     45     54     79    265    641
2008-01-26     45     53     79    264    640
2008-01-27     47     55     80    265    636
2008-01-28     47     54     81    265    642
2008-01-29     46     54     81    264    637
2008-01-30     46     55     81    264    645
2008-01-31     47     56     82    264    638

#     MEAN   48.2   57.1   82.2  266.7  641.6
