


                             Solar Radio Emission
                    Single-Frequency Total Flux Observations
                        Observing Station: Nobeyama (NBYM)
                    Flux Density in 10^(-22) W m^(-2) Hz^(-1)


             1000   2000   3750   9400  17000
              MHz    MHz    MHz    MHz    MHz

2005-10-01     50     56     83    248    637
2005-10-02     49     56     83    256    646
2005-10-03     52     58     85    256    645
2005-10-04     50     59     86    252    645
2005-10-05     53     64     93    261    640
2005-10-06     53     64     91    257    636
2005-10-07     55     63     90    254    639
2005-10-08     56     63     89    254    637
2005-10-09     57     62     88    254    641
2005-10-10     58     63     88    254    630
2005-10-11     57     63     88    253    635
2005-10-12     58     62     87    256    641
2005-10-13     58     61     87    254    636
2005-10-14     57     62     88    255    640
2005-10-15     56     61     88    255    643
2005-10-16     57     62     89    260    642
2005-10-17     56     62     89    248    645
2005-10-18     60     61     88    257    626
2005-10-19     55     61     88    261    639
2005-10-20     56     60     87    257    634
2005-10-21     54     60     86    254    636
2005-10-22     52     58     84    252    635
2005-10-23     52     58     84    255    629
2005-10-24     51     58     84    254    639
2005-10-25     50     57     83    254    638
2005-10-26     49     56     83    251    640
2005-10-27     48     55     82    254    638
2005-10-28     47     55     83    254    646
2005-10-29     49     57     84    254    633
2005-10-30     49     57     86    258    638
2005-10-31     50     59     87    259    639

#     MEAN   53.4   59.8   86.5  255.0  638.3
