


                             Solar Radio Emission
                    Single-Frequency Total Flux Observations
                        Observing Station: Nobeyama (NBYM)
                    Flux Density in 10^(-22) W m^(-2) Hz^(-1)


             1000   2000   3750   9400  17000
              MHz    MHz    MHz    MHz    MHz

2021-07-01     65     79    104    279    606
2021-07-02     64     80    104    275      -
2021-07-03     68     81    106    279    614
2021-07-04     62     78    103    278      -
2021-07-05     62     76    100    271      -
2021-07-06     59     72     96    268      -
2021-07-07     55     68     91    265    615
2021-07-08     52     63     85    257      -
2021-07-09     51     62     82    256      -
2021-07-10     50     62     83    257    610
2021-07-11     51     62     83    257    613
2021-07-12     51     62     82    257    609
2021-07-13     49     60     80    255    603
2021-07-14     51     60     81    257    608
2021-07-15     51     61     82    258    604
2021-07-16     52     63     84    259    609
2021-07-17     51     63     84    257    615
2021-07-18     54     68     88    260    619
2021-07-19     54     68     89    259    614
2021-07-20     54     70     92    261    614
2021-07-21     56     74     97    264    618
2021-07-22     57     78     97    266    621
2021-07-23     58     78     95    265    620
2021-07-24     57     75     92    266    618
2021-07-25     59     75     91    262    619
2021-07-26     61     72     88    262    616
2021-07-27     59     70     87    261      -
2021-07-28     56     68     87    260    624
2021-07-29     58     67     86    262    612
2021-07-30     54     65     84    258    617
2021-07-31     53     64     84    258    607
 
#     MEAN   56.4   69.2   89.9  262.9  613.5
