


                             Solar Radio Emission
                    Single-Frequency Total Flux Observations
                        Observing Station: Nobeyama (NBYM)
                    Flux Density in 10^(-22) W m^(-2) Hz^(-1)


             1000   2000   3750   9400  17000
              MHz    MHz    MHz    MHz    MHz

2008-09-01     44     51     76    254    622
2008-09-02     43     50     75    254    604
2008-09-03     43     51     75    255    626
2008-09-04     43     51     76    255    623
2008-09-05     43     50     75    255    621
2008-09-06     43     50     75    254    625
2008-09-07     43     50     75    255    622
2008-09-08     43     51     76    254    619
2008-09-09     44     51     76    255    623
2008-09-10     44     52     77    256    624
2008-09-11     44     51     77    256    628
2008-09-12     44     52     77    255    630
2008-09-13     44     51     76    255    625
2008-09-14     44     52     76    255    630
2008-09-15     43     51     76    255    624
2008-09-16     44     51     77    256    632
2008-09-17     45     52     78    256    627
2008-09-18     44     52     77    254    601
2008-09-19     45     52     78    254    611
2008-09-20     45     53     78    257    624
2008-09-21     45     52     77    256    622
2008-09-22     45     53     78    253    604
2008-09-23     45     54     79    258    625
2008-09-24     46     54     79    257    626
2008-09-25     46     53     79    257    629
2008-09-26     45     53     78    257    612
2008-09-27     44     52     77    256    623
2008-09-28     44     52     77    256    622
2008-09-29     44     51     76    254    621
2008-09-30     44     52     77    256    625

#     MEAN   44.0   51.6   76.7  255.2  621.7
