


                             Solar Radio Emission
                    Single-Frequency Total Flux Observations
                        Observing Station: Nobeyama (NBYM)
                    Flux Density in 10^(-22) W m^(-2) Hz^(-1)


             1000   2000   3750   9400  17000
              MHz    MHz    MHz    MHz    MHz

2013-06-01     82     88    106    274    646
2013-06-02     84     92    112    278    650
2013-06-03     89     99    120    284    655
2013-06-04     87     96    118    283    655
2013-06-05     85     94    115    283    658
2013-06-06     84     94    116    281    647
2013-06-07     86     94    115    277    652
2013-06-08     88     94    115    279    646
2013-06-09     85     88    109    273    648
2013-06-10     83     82    101    266    638
2013-06-11     84     80     98    265    637
2013-06-12     82     79     98    264    635
2013-06-13     83     81    100    266    624
2013-06-14     85     86    110    273    639
2013-06-15     90     93    117    280    644
2013-06-16     93     95    118    280    644
2013-06-17     95    100    123    287    656
2013-06-18    100    107    131    292    656
2013-06-19    105    108    127    286    651
2013-06-20    106    107    126    287    640
2013-06-21    113    111    133    298    644
2013-06-22    109    115    139    297    659
2013-06-23    108    112    132    290    654
2013-06-24    104    110    130    289    652
2013-06-25     97    101    120    281    644
2013-06-26     95     98    116    281    632
2013-06-27     92     93    112    277    638
2013-06-28     88     86    108    275    639
2013-06-29     83     85    105    271    638
2013-06-30     86     87    106    272    641

#     MEAN   91.7   95.1  115.9  279.7  645.5
