


                             Solar Radio Emission
                    Single-Frequency Total Flux Observations
                        Observing Station: Nobeyama (NBYM)
                    Flux Density in 10^(-22) W m^(-2) Hz^(-1)


             1000   2000   3750   9400  17000
              MHz    MHz    MHz    MHz    MHz

2013-01-01     82     97    120    287    667
2013-01-02     85    102    125    293    670
2013-01-03     88    105    127    292    666
2013-01-04     91    115    137    299    674
2013-01-05    101    126    149    311    680
2013-01-06     98    124    149    310    682
2013-01-07    100    130    150    308    683
2013-01-08    105    133    160    320    691
2013-01-09    106    134    160    322    692
2013-01-10    112    142    169    327    694
2013-01-11    111    140    168    316    686
2013-01-12    113    147    179    332    690
2013-01-13    115    141    167    325    685
2013-01-14    114    139    149      -      -
2013-01-15    105    128    147    307    672
2013-01-16    100    118    140    303    674
2013-01-17     94    111    133    296    668
2013-01-18     89    104    125    290    666
2013-01-19     85     97    119    288    666
2013-01-20     80     91    113    282    662
2013-01-21     79     89    113    285    666
2013-01-22     80     93    116    292    668
2013-01-23     78     91    115    286    669
2013-01-24     76     87    111    282    665
2013-01-25     75     86    111    280    656
2013-01-26     74     83    107    276    651
2013-01-27     75     86    106    276    658
2013-01-28     75     84    106    274    654
2013-01-29     75     83    105    277    661
2013-01-30     73     81    104    276    657
2013-01-31     76     82    105    278    659

#     MEAN   90.6  108.6  131.7  296.3  671.0
