


                             Solar Radio Emission
                    Single-Frequency Total Flux Observations
                        Observing Station: Nobeyama (NBYM)
                    Flux Density in 10^(-22) W m^(-2) Hz^(-1)


             1000   2000   3750   9400  17000
              MHz    MHz    MHz    MHz    MHz

2011-07-01     68     71     94    267    629
2011-07-02     67     71     91    265    630
2011-07-03     69     72     93    269    638
2011-07-04     66     71     92    268    636
2011-07-05     65     70     91    268    636
2011-07-06     64     69     91    268    631
2011-07-07     62     69     90    265    624
2011-07-08     63     70     92    270    635
2011-07-09     64     71     94    273    633
2011-07-10     62     70     93    270    632
2011-07-11     66     74     97    269    632
2011-07-12     65     74     97    267    636
2011-07-13     66     76     97    269    636
2011-07-14     67     77     98    270    633
2011-07-15     67     78     99    268    633
2011-07-16     69     79     99    270    628
2011-07-17     69     79    101    270    629
2011-07-18     70     86    108    274    628
2011-07-19     70     85    107    275    631
2011-07-20     69     83    105    270    620
2011-07-21     68     81    103    267    617
2011-07-22     65     79    102    267    633
2011-07-23     62     75     97    267    633
2011-07-24     61     72     93    266    627
2011-07-25     60     70     92    266    630
2011-07-26     61     72     95    269    632
2011-07-27     64     80    107    282    633
2011-07-28     65     82    111    287    636
2011-07-29     69     89    120    284    634
2011-07-30     70     88    119    287    633
2011-07-31     70     91    123    288    641

#     MEAN   65.9   76.6   99.8  271.4  631.6
