


                             Solar Radio Emission
                    Single-Frequency Total Flux Observations
                        Observing Station: Nobeyama (NBYM)
                    Flux Density in 10^(-22) W m^(-2) Hz^(-1)


             1000   2000   3750   9400  17000
              MHz    MHz    MHz    MHz    MHz

2007-07-01     51     57     82    259    616
2007-07-02     50     57     80    256    610
2007-07-03     50     56     80    256    617
2007-07-04     50     55     79    255    619
2007-07-05     50     55     79    257    611
2007-07-06     49     55     79    256    615
2007-07-07     48     55     79    255    614
2007-07-08     48     56     82    260    619
2007-07-09     48     59     86    266    622
2007-07-10     50     60     86    261    610
2007-07-11     49     61     86    261    612
2007-07-12     49     60     84    259    624
2007-07-13     50     61     83    259    615
2007-07-14     50     61     84    255    573
2007-07-15     49     60     82    257    601
2007-07-16     48     58     81    258    611
2007-07-17     47     56     80    255    596
2007-07-18     46     56     80    258    614
2007-07-19     45     53     78    256    614
2007-07-20     43     52     76    254    608
2007-07-21     43     51     75    254    591
2007-07-22     42     51     75    255    614
2007-07-23     43     51     75    255    612
2007-07-24     44     52     76    254    618
2007-07-25     45     52     77    256    616
2007-07-26     45     52     77    256    619
2007-07-27     45     53     77    256    615
2007-07-28     45     52     77    255    614
2007-07-29     47     53     78    257    620
2007-07-30     45     53     77    252    609
2007-07-31     45     53     77    254    620

#     MEAN   47.0   55.4   79.7  256.7  611.9
