


                             Solar Radio Emission
                    Single-Frequency Total Flux Observations
                        Observing Station: Nobeyama (NBYM)
                    Flux Density in 10^(-22) W m^(-2) Hz^(-1)


             1000   2000   3750   9400  17000
              MHz    MHz    MHz    MHz    MHz

2008-10-01     44     51     77    256    618
2008-10-02     43     51     76    256    623
2008-10-03     44     52     77    257    629
2008-10-04     44     53     77    257    632
2008-10-05     44     52     77    257    628
2008-10-06     45     53     78    259    628
2008-10-07     45     52     77    257    627
2008-10-08     45     52     79    257    627
2008-10-09     45     53     78    257    630
2008-10-10     45     54     78    258    636
2008-10-11     47     55     79    260    636
2008-10-12     47     54     80    260    632
2008-10-13     48     57     81    260    635
2008-10-14     48     55     81    258    609
2008-10-15     48     56     81    259    633
2008-10-16     49     56     81    260    634
2008-10-17     49     58     82    261    636
2008-10-18     48     56     82    261    641
2008-10-19     48     56     80    260    639
2008-10-20     48     56     81    261    639
2008-10-21     47     55     80    260    640
2008-10-22     47     55     80    260    637
2008-10-23     45     53     79    258    624
2008-10-24     45     53     79    258    640
2008-10-25     46     53     79    258    634
2008-10-26     46     53     78    257    628
2008-10-27     45     54     78    257    633
2008-10-28     45     54     79    258    636
2008-10-29     45     54     78    258    635
2008-10-30     46     53     78    259    633
2008-10-31     46     54     80    258    634

#     MEAN   45.9   53.9   79.0  258.4  631.7
