


                             Solar Radio Emission
                    Single-Frequency Total Flux Observations
                        Observing Station: Nobeyama (NBYM)
                    Flux Density in 10^(-22) W m^(-2) Hz^(-1)


             1000   2000   3750   9400  17000
              MHz    MHz    MHz    MHz    MHz

2014-07-01    106    122    153    308    659
2014-07-02    118    134    162    313    664
2014-07-03    126    148    177    320    657
2014-07-04    130    155    187    324    661
2014-07-05    137    165    197    328    663
2014-07-06    152    176    211    347    672
2014-07-07    142    171    204    336    666
2014-07-08    137    168    210    343    671
2014-07-09    136    170    207    348    675
2014-07-10    122    160    198    336    669
2014-07-11    116    149    185    338    674
2014-07-12    108    138    172    330    670
2014-07-13     94    119    147    308    655
2014-07-14     87    105    128    295    655
2014-07-15     80     93    113    282    645
2014-07-16     75     85    103    271    636
2014-07-17     70     79     97    265    630
2014-07-18     66     75     94    262    623
2014-07-19     65     74     95    265    626
2014-07-20     64     74     95    263    629
2014-07-21     62     73     94    261    623
2014-07-22     64     75     97    266    630
2014-07-23     65     78    100    268    626
2014-07-24     69     84    106    271    628
2014-07-25     74     90    110    277    638
2014-07-26     76     91    112    281    647
2014-07-27     82     99    120    280    646
2014-07-28     88    106    126    285    645
2014-07-29     93    115    135    290    648
2014-07-30    100    124    144    295    649
2014-07-31    104    130    150    298    656

#     MEAN   97.0  116.9  142.8  298.5  649.6
