


                             Solar Radio Emission
                    Single-Frequency Total Flux Observations
                        Observing Station: Nobeyama (NBYM)
                    Flux Density in 10^(-22) W m^(-2) Hz^(-1)


             1000   2000   3750   9400  17000
              MHz    MHz    MHz    MHz    MHz

2004-02-01     64     76    100    284    650
2004-02-02     66     79    103    286    633
2004-02-03     68     81    105    287    651
2004-02-04     69     82    106    286    645
2004-02-05     68     83    105    284    645
2004-02-06     68     84    109    286    644
2004-02-07     69     85    113    285    643
2004-02-08     73     90    117    292    652
2004-02-09     74     92    118    295    655
2004-02-10     75     93    118    294    654
2004-02-11     77     95    119    298      -
2004-02-12     78     93    113    294    660
2004-02-13     80     93    113    296    662
2004-02-14     77     88    108    294    660
2004-02-15     80     90    110    296    660
2004-02-16     76     83    103    283    650
2004-02-17     75     81    101    287    648
2004-02-18     75     81    101    282    648
2004-02-19     73     79    101    286    658
2004-02-20     71     79    101    285    657
2004-02-21     69     77     99    288    659
2004-02-22     69     79    102    287    656
2004-02-23     69     82    109    296    646
2004-02-24     69     82    108    291    650
2004-02-25     68     85    117    302    657
2004-02-26     70     90    123    307    663
2004-02-27     71     92    129    307    658
2004-02-28     71     92    126    301    656
2004-02-29     69     88    118    298    640

#     MEAN   71.7   85.4  110.3  291.7  652.2
