


                             Solar Radio Emission
                    Single-Frequency Total Flux Observations
                        Observing Station: Nobeyama (NBYM)
                    Flux Density in 10^(-22) W m^(-2) Hz^(-1)


             1000   2000   3750   9400  17000
              MHz    MHz    MHz    MHz    MHz

2006-07-01     59     68     91    272    618
2006-07-02     59     66     90    271    622
2006-07-03     60     67     92    271    626
2006-07-04     62     70     94    275    628
2006-07-05     62     71     95    277    608
2006-07-06     58     68     92    273    620
2006-07-07     55     65     90    271    625
2006-07-08     53     62     86    269    620
2006-07-09     51     59     84    265    620
2006-07-10     50     58     82    265    619
2006-07-11     49     56     80    265    623
2006-07-12     48     54     79    261    613
2006-07-13     47     54     79    266    603
2006-07-14     48     54     79    263    615
2006-07-15     47     54     78    260    613
2006-07-16     47     54     78    260    622
2006-07-17     47     54     78    258    609
2006-07-18     47     54     79    256    588
2006-07-19     47     55     78    256    609
2006-07-20     47     55     78    255    619
2006-07-21     47     55     79    255    600
2006-07-22     48     57     81    262    620
2006-07-23     48     57     82    263    622
2006-07-24     49     59     83    261    604
2006-07-25     50     59     83    260    618
2006-07-26     51     60     82    265    621
2006-07-27     52     59     81    263    616
2006-07-28     50     58     80    261    615
2006-07-29     50     57     79    261    618
2006-07-30     50     57     80    262    621
2006-07-31     51     57     81    262    623

#     MEAN   51.4   59.2   83.0  263.9  616.1
