


                             Solar Radio Emission
                    Single-Frequency Total Flux Observations
                        Observing Station: Nobeyama (NBYM)
                    Flux Density in 10^(-22) W m^(-2) Hz^(-1)


             1000   2000   3750   9400  17000
              MHz    MHz    MHz    MHz    MHz

2010-05-01     54     63     86    263    626
2010-05-02     54     63     85    262    632
2010-05-03     54     64     86    263    636
2010-05-04     55     65     87    264    640
2010-05-05     55     67     89    265    645
2010-05-06     55     66     88    264    639
2010-05-07     55     64     85    263    628
2010-05-08     55     65     86    264    634
2010-05-09     53     63     84    262    633
2010-05-10     51     60     82    258    623
2010-05-11     50     58     80    257    627
2010-05-12     49     58     81    256    611
2010-05-13     48     56     79    255    618
2010-05-14     46     54     77    253    616
2010-05-15     47     55     78    253    620
2010-05-16     47     56     78    255    624
2010-05-17     46     54     77    255    626
2010-05-18     46     54     77    256    627
2010-05-19     46     54     77    255    621
2010-05-20     47     54     77    254    627
2010-05-21     47     55     78    255    627
2010-05-22     48     57     80    256    630
2010-05-23     48     57     81    256    600
2010-05-24     48     58     80    255    611
2010-05-25     49     57     80    255    625
2010-05-26     48     57     80    258    610
2010-05-27     50     58     81    256    622
2010-05-28     50     58     80    256    617
2010-05-29     51     58     81    256    622
2010-05-30     50     58     81    257    617
2010-05-31     49     57     80    257    618

#     MEAN   50.0   58.9   81.3  257.8  624.3
