


                             Solar Radio Emission
                    Single-Frequency Total Flux Observations
                        Observing Station: Nobeyama (NBYM)
                    Flux Density in 10^(-22) W m^(-2) Hz^(-1)


             1000   2000   3750   9400  17000
              MHz    MHz    MHz    MHz    MHz

2007-12-01     46     55     81    263    648
2007-12-02     46     55     80    263    646
2007-12-03     47     55     81    263    642
2007-12-04     47     55     82    264    644
2007-12-05     47     57     82    264    643
2007-12-06     49     58     84    265    651
2007-12-07     49     60     87    268    650
2007-12-08     50     63     90    269    653
2007-12-09     52     68     94    271    647
2007-12-10     52     67     93    270    651
2007-12-11     51     68     93    270    648
2007-12-12     53     70    100    272    656
2007-12-13     51     69    101    272    652
2007-12-14     52     69    101    270    645
2007-12-15     53     69     99    271    644
2007-12-16     50     66     93    271    636
2007-12-17     49     61     88    270    651
2007-12-18     48     58     85    269    644
2007-12-19     48     57     83    268    651
2007-12-20     48     56     81    267    652
2007-12-21     48     55     81    265    649
2007-12-22     46     55     80    263    637
2007-12-23     47     55     80    265    649
2007-12-24     47     54     80    264    645
2007-12-25     47     55     80    264    641
2007-12-26     48     56     81    265    645
2007-12-27     49     56     81    266    651
2007-12-28     49     57     81    265    645
2007-12-29     48     56     81    266    640
2007-12-30     48     56     81    265    644
2007-12-31     51     62     87    272    648

#     MEAN   48.8   59.8   86.1  267.1  646.7
