


                             Solar Radio Emission
                    Single-Frequency Total Flux Observations
                        Observing Station: Nobeyama (NBYM)
                    Flux Density in 10^(-22) W m^(-2) Hz^(-1)


             1000   2000   3750   9400  17000
              MHz    MHz    MHz    MHz    MHz

2021-05-01     46     59     81    256    602
2021-05-02     45     57     79    252      -
2021-05-03     45     58     80    256    602
2021-05-04     45     58     80    254    610
2021-05-05     45     57     78    253    605
2021-05-06     46     57     78    253    613
2021-05-07     47     58     80    255    608
2021-05-08     48     60     82    257    615
2021-05-09     48     61     83    257    615
2021-05-10     49     62     84    256    614
2021-05-11     49     62     84    257    603
2021-05-12     49     62     83    256    608
2021-05-13     50     62     83    256    609
2021-05-14     51     62     83    258    619
2021-05-15     50     62     82    255    620
2021-05-16     49     61     82    255      -
2021-05-17     51     62     83    257      -
2021-05-18     51     62     84    260    622
2021-05-19     50     62     84    256      -
2021-05-20     50     62     82    257    608
2021-05-21     50     62     81    257      -
2021-05-22     49     61     81    256    608
2021-05-23     51     64     86    259    612
2021-05-24     51     63     84    258    614
2021-05-25     52     64     85    261    621
2021-05-26     55     68     92    264    616
2021-05-27     56     70     95    267      -
2021-05-28     52     65     89    266    614
2021-05-29     53     65     86    262    613
2021-05-30     50     62     84    257    609
2021-05-31     51     62     84    257    616
 
#     MEAN   49.5   62.2   83.3  257.4  611.8
