


                             Solar Radio Emission
                    Single-Frequency Total Flux Observations
                        Observing Station: Nobeyama (NBYM)
                    Flux Density in 10^(-22) W m^(-2) Hz^(-1)


             1000   2000   3750   9400  17000
              MHz    MHz    MHz    MHz    MHz

2004-01-01     86     91    116    307    678
2004-01-02     81     91    120    313    671
2004-01-03     78     92    122    315    664
2004-01-04     79     93    125    314    658
2004-01-05     75     97    135    325    664
2004-01-06     73     90    128    318    663
2004-01-07     72     89    130    319    659
2004-01-08     71     89    134    309    651
2004-01-09     70     92    138    304    654
2004-01-10     72     91    130    305    659
2004-01-11     70     91    127    300    657
2004-01-12     70     89    124    303    657
2004-01-13     78     95    127    309    662
2004-01-14     77     99    124    293    656
2004-01-15     81     99    121    296    649
2004-01-16     97    100    119    294    650
2004-01-17     89    101    118    284    647
2004-01-18     97    101    119    297    659
2004-01-19     93    102    121    304    662
2004-01-20     99    116    135    313    670
2004-01-21     92    108    125    303    660
2004-01-22     95    108    125    301    656
2004-01-23     88    101    118    297    650
2004-01-24     83     96    113    293    652
2004-01-25     78     89    109    288    648
2004-01-26     74     84    107    290    655
2004-01-27     69     78    101    287    649
2004-01-28     66     74     98    284    649
2004-01-29     62     70     94    277    641
2004-01-30     62     72     96    282    650
2004-01-31     64     73     98    282    647

#     MEAN   78.7   92.3  119.3  300.2  656.4
