


                             Solar Radio Emission
                    Single-Frequency Total Flux Observations
                        Observing Station: Nobeyama (NBYM)
                    Flux Density in 10^(-22) W m^(-2) Hz^(-1)


             1000   2000   3750   9400  17000
              MHz    MHz    MHz    MHz    MHz

2023-10-01    115    152    161    321    673
2023-10-02    117    147    158    307    665
2023-10-03    119    144    151    301    664
2023-10-04    119    145    150    304    654
2023-10-05    120    146    149    302    662
2023-10-06    119    147    152    303    663
2023-10-07    114    143    153    304    665
2023-10-08    116    146    157    310    659
2023-10-09    115    142    153    309      -
2023-10-10    115    147    161    317    676
2023-10-11    113    143    161    316    665
2023-10-12    114    145    157    316    678
2023-10-13    112    140    153    308    667
2023-10-14    111    135    146    301    661
2023-10-15    111    134    143    301    653
2023-10-16    110    132    143    297    659
2023-10-17    110    133      -    299    656
2023-10-18    105    126    136    297    658
2023-10-19    104    124    134    293    658
2023-10-20    100    117    130    289    658
2023-10-21    101    118      -    294    654
2023-10-22     95    112      -    289    651
2023-10-23     96    110    123    289    659
2023-10-24     96    111    124    289    656
2023-10-25     96    113    125    293    657
2023-10-26     98    115      -    294    661
2023-10-27    102    122      -    298    664
2023-10-28     99    119      -    292    659
2023-10-29    101    119      -    294    659
2023-10-30    108    126    145    299    665
2023-10-31    110    129    145    303    663

#     MEAN  108.4  131.7  146.3  301.0  661.4
