


                             Solar Radio Emission
                    Single-Frequency Total Flux Observations
                        Observing Station: Nobeyama (NBYM)
                    Flux Density in 10^(-22) W m^(-2) Hz^(-1)


             1000   2000   3750   9400  17000
              MHz    MHz    MHz    MHz    MHz

2014-06-01     76     88    110    276    650
2014-06-02     76     86    109    275    642
2014-06-03     79     89    110    276    649
2014-06-04     80     90    108    273    642
2014-06-05     87     93    111    274    645
2014-06-06     90     97    118    275    633
2014-06-07     97    107    132    284    633
2014-06-08    104    115    141    286    641
2014-06-09    116    129    154    294    646
2014-06-10    115    132    168    300    644
2014-06-11    117    139    176    310    644
2014-06-12      -    141    181    328    642
2014-06-13      -    135    167    313    658
2014-06-14    112    127    157    311    661
2014-06-15    113    121    141    300    660
2014-06-16    114    109    135    296    653
2014-06-17    100    101    121    279    643
2014-06-18    100    100    119    278    633
2014-06-19     95     95    113    273    635
2014-06-20     92     90    107    270    635
2014-06-21     86     86    105    268    634
2014-06-22     83     83    104    268    622
2014-06-23     79     79     99    263    618
2014-06-24     79     81    102    259    621
2014-06-25     77     80    102    266    628
2014-06-26     78     83    105    268    633
2014-06-27     81     87    107    273    636
2014-06-28     87     92    111    276    634
2014-06-29     95    101    126    289    651
2014-06-30     98    109    137    297    649

#     MEAN   93.0  102.3  125.9  283.2  640.6
