


                             Solar Radio Emission
                    Single-Frequency Total Flux Observations
                        Observing Station: Nobeyama (NBYM)
                    Flux Density in 10^(-22) W m^(-2) Hz^(-1)


             1000   2000   3750   9400  17000
              MHz    MHz    MHz    MHz    MHz

2012-05-01     77     98    114    283    647
2012-05-02     77     96    112    279    647
2012-05-03     78     98    117    281    647
2012-05-04     75     96    113    279    635
2012-05-05     80    102    123    292    654
2012-05-06     76     97    119    290    647
2012-05-07     77    100    128    296    656
2012-05-08     76     99    129    296    649
2012-05-09     74     98    127    303    648
2012-05-10     78    101    136    320    659
2012-05-11     81    104    139    322    663
2012-05-12     82    108    141    318    646
2012-05-13     81    106    137    293    648
2012-05-14     83    108    130    287    649
2012-05-15     84    109    128    293    639
2012-05-16     87    111    130    292    656
2012-05-17     89    109    131    297    651
2012-05-18     87    112    136    290    646
2012-05-19     85    109    135    289    654
2012-05-20     86    111    134    289    652
2012-05-21     84    109    132    289    650
2012-05-22     81    105    128    283    637
2012-05-23     80    101    123    281    647
2012-05-24     78    100    121    284    658
2012-05-25     80    101    122    287    655
2012-05-26     78     98    120    285    654
2012-05-27     74     93    113    278    651
2012-05-28     74     95    113    276    645
2012-05-29     75     94    111    277    647
2012-05-30     77     95    111    278    650
2012-05-31     78     96    112    281    650

#     MEAN   79.7  101.8  124.7  289.9  649.5
