


                             Solar Radio Emission
                    Single-Frequency Total Flux Observations
                        Observing Station: Nobeyama (NBYM)
                    Flux Density in 10^(-22) W m^(-2) Hz^(-1)


             1000   2000   3750   9400  17000
              MHz    MHz    MHz    MHz    MHz

2010-12-01     60     72    100    276    664
2010-12-02     61     72     98    275    663
2010-12-03     62     74    100    279    669
2010-12-04     61     73    100    283    662
2010-12-05     63     75    102    285    673
2010-12-06     61     76    100    284    672
2010-12-07     64     78    104    288    659
2010-12-08     62     73    101    284    657
2010-12-09     62     73    100    282    652
2010-12-10     62     72    100    279    656
2010-12-11     63     75    101    279    661
2010-12-12     62     74    100    285    666
2010-12-13     62     75    101    282    656
2010-12-14     62     74     99    286    662
2010-12-15     63     73     98    278    656
2010-12-16     61     71     94    273    656
2010-12-17     61     68     91    270    654
2010-12-18     60     67     90    271    650
2010-12-19     60     65     89    267    652
2010-12-20     61     65     89    265    658
2010-12-21     58     63     87    264    651
2010-12-22     59     64     88    267    656
2010-12-23     60     65     89    270    654
2010-12-24     60     64     89      -    652
2010-12-25     58     64     88      -    643
2010-12-26     59     64     89      -    648
2010-12-27     59     65     89    269    642
2010-12-28     59     65     90    270    659
2010-12-29     59     66     90    270    657
2010-12-30     59     67     91    272    635
2010-12-31     60     69     94    274    655

#     MEAN   60.7   69.7   94.8  275.9  656.4
