


                             Solar Radio Emission
                    Single-Frequency Total Flux Observations
                        Observing Station: Nobeyama (NBYM)
                    Flux Density in 10^(-22) W m^(-2) Hz^(-1)


             1000   2000   3750   9400  17000
              MHz    MHz    MHz    MHz    MHz

2006-12-01     54     66     91    290    649
2006-12-02     54     67     93    292    650
2006-12-03     55     67     92    290    648
2006-12-04     55     67     94    293    653
2006-12-05     57     73    103    312    668
2006-12-06     63     79    117    305    668
2006-12-07     59     75    105    312    674
2006-12-08     59     74    101    312    651
2006-12-09     60     74    100    315    659
2006-12-10     58     70     98    311    655
2006-12-11     60     71    100    314    660
2006-12-12     60     71    101    319    657
2006-12-13     73     84    119    352    665
2006-12-14     59     73    103    320    653
2006-12-15     60     73    102    315    662
2006-12-16     54     65     93    300    659
2006-12-17     53     63     91    299    640
2006-12-18     51     60     86    287    643
2006-12-19     50     57     83    285    647
2006-12-20     50     56     82    285    650
2006-12-21     49     56     82    285    650
2006-12-22     51     57     82    286    645
2006-12-23     52     57     82    285    646
2006-12-24     52     57     82    283    645
2006-12-25     52     58     83    284    649
2006-12-26     53     57     83    284    632
2006-12-27     53     57     82    283    619
2006-12-28     53     58     82    275    643
2006-12-29     53     59     84    271    637
2006-12-30     55     61     87    274    647
2006-12-31     55     63     90    274    646

#     MEAN   55.6   65.3   92.7  296.5  650.7
