


                             Solar Radio Emission
                    Single-Frequency Total Flux Observations
                        Observing Station: Nobeyama (NBYM)
                    Flux Density in 10^(-22) W m^(-2) Hz^(-1)


             1000   2000   3750   9400  17000
              MHz    MHz    MHz    MHz    MHz

2008-02-01     47     56     81    263    637
2008-02-02     47     56     80    262    636
2008-02-03     47     56     79    245    623
2008-02-04     47     55     80    263    641
2008-02-05     46     54     78    262    634
2008-02-06     44     53     78    261    632
2008-02-07     45     54     80    262    632
2008-02-08     46     54     79    262    635
2008-02-09     45     54     79    262    635
2008-02-10     45     54     80    263    637
2008-02-11     46     55     81    265    643
2008-02-12     44     55     80    264    637
2008-02-13     45     53     78    263    622
2008-02-14     43     53     79    261    632
2008-02-15     44     53     78    260    629
2008-02-16     44     53     79    261    629
2008-02-17     44     53     78    261    629
2008-02-18     44     54     79    260    630
2008-02-19     44     54     79    261    634
2008-02-20     45     54     79    261    636
2008-02-21     45     53     79    260    631
2008-02-22     45     54     81    261    633
2008-02-23     46     55     80    261    627
2008-02-24     44     54     78    261    619
2008-02-25     44     53     79    260    623
2008-02-26     44     53     79    260    623
2008-02-27     45     53     78    247    620
2008-02-28     44     53     76    258    622
2008-02-29     43     53     78    257    629

#     MEAN   44.8   53.9   79.1  260.2  630.6
