


                             Solar Radio Emission
                    Single-Frequency Total Flux Observations
                        Observing Station: Nobeyama (NBYM)
                    Flux Density in 10^(-22) W m^(-2) Hz^(-1)


             1000   2000   3750   9400  17000
              MHz    MHz    MHz    MHz    MHz

2006-04-01     54     66     92    270    634
2006-04-02     56     67     92    268    627
2006-04-03     56     70     96    270    628
2006-04-04     59     75    108    278    640
2006-04-05     58     75    105    272    616
2006-04-06     57     74    101    273    628
2006-04-07     57     75    103    274    634
2006-04-08     55     71     98    271    613
2006-04-09     54     69     95    272    634
2006-04-10     54     69     94    268    636
2006-04-11     54     67     92    269    628
2006-04-12     54     65     89    264    634
2006-04-13     52     63     86    261    623
2006-04-14     53     62     84    260    624
2006-04-15     53     61     84    260    623
2006-04-16     54     61     84    259    625
2006-04-17     52     59     82    257    622
2006-04-18     53     58     82    256    627
2006-04-19     51     58     81    257    621
2006-04-20     51     59     82    256    619
2006-04-21     51     59     83    257    619
2006-04-22     52     62     86    263    633
2006-04-23     52     63     89    266    624
2006-04-24     54     66     94    270    637
2006-04-25     54     71    101    278    624
2006-04-26     56     74    100    275    626
2006-04-27     58     77    103    272    615
2006-04-28     62     78    104    269    632
2006-04-29     65     80    102    268    628
2006-04-30     67     82    104    268    636

#     MEAN   55.3   68.0   93.2  266.7  627.1
