


                             Solar Radio Emission
                    Single-Frequency Total Flux Observations
                        Observing Station: Nobeyama (NBYM)
                    Flux Density in 10^(-22) W m^(-2) Hz^(-1)


             1000   2000   3750   9400  17000
              MHz    MHz    MHz    MHz    MHz

2009-06-01     44     53     78    253    610
2009-06-02     46     55     79    255    618
2009-06-03     46     56     78    253    612
2009-06-04     47     56     78    255    616
2009-06-05     47     55     79    248    611
2009-06-06     48     54     77    254    612
2009-06-07     47     53     77    253    616
2009-06-08     48     53     77    254    617
2009-06-09     48     54     77    254    610
2009-06-10     48     54     77    253    610
2009-06-11     48     54     77    254    591
2009-06-12     49     54     77    254    612
2009-06-13     49     54     77    254    616
2009-06-14     48     53     76    253    616
2009-06-15     48     52     76    252    611
2009-06-16     47     52     76    253    610
2009-06-17     48     53     76    253    605
2009-06-18     47     52     75    251    604
2009-06-19     48     52     76    254    618
2009-06-20     47     52     75    251    612
2009-06-21     47     51     76    250    601
2009-06-22     47     52     76    249    612
2009-06-23     48     52     76    253    613
2009-06-24     48     53     77    251    606
2009-06-25     47     52     76    253    617
2009-06-26     48     53     76    254    614
2009-06-27     47     52     76    252    613
2009-06-28     47     52     76    252    616
2009-06-29     47     52     75    252    613
2009-06-30     47     52     76    253    606

#     MEAN   47.3   53.1   76.6  252.6  611.3
