


                             Solar Radio Emission
                    Single-Frequency Total Flux Observations
                        Observing Station: Nobeyama (NBYM)
                    Flux Density in 10^(-22) W m^(-2) Hz^(-1)


             1000   2000   3750   9400  17000
              MHz    MHz    MHz    MHz    MHz

2011-10-01     90    115    143    313    652
2011-10-02     90    114    138    311    655
2011-10-03     91    111    133    305    661
2011-10-04     87    110    134    302    663
2011-10-05     91    112    135    307    661
2011-10-06     89    107    132    300    660
2011-10-07     92    108    129    302    666
2011-10-08     90    104    128    299    664
2011-10-09     89    103    126    301    665
2011-10-10     90    106    126    302    671
2011-10-11     92    109    130    304    671
2011-10-12     94    115    137    307    675
2011-10-13     95    117    141    312    672
2011-10-14     98    120    145    310    665
2011-10-15     98    121    143    313    667
2011-10-16    100    121    151    314    680
2011-10-17    100    128    164    319    682
2011-10-18     99    127    160    316    677
2011-10-19     97    124    156    311    673
2011-10-20     97    125    159    314    680
2011-10-21    103    137    178    325    691
2011-10-22    108    144    184    335    683
2011-10-23    105    136    170    320    690
2011-10-24    102    129    157    311    677
2011-10-25     98    125    148    305    676
2011-10-26     98    123    143    299    664
2011-10-27     93    114    130    298    670
2011-10-28     93    115    132    301    668
2011-10-29     90    114    136    305    677
2011-10-30     86    106    126    302    663
2011-10-31     88    110    135    310    684

#     MEAN   94.6  117.7  143.6  308.8  671.1
