


                             Solar Radio Emission
                    Single-Frequency Total Flux Observations
                        Observing Station: Nobeyama (NBYM)
                    Flux Density in 10^(-22) W m^(-2) Hz^(-1)


             1000   2000   3750   9400  17000
              MHz    MHz    MHz    MHz    MHz

2016-06-01     62     72     91    258    626
2016-06-02     62     73     92    259    620
2016-06-03     61     70     90    257    619
2016-06-04     63     69     88    256    624
2016-06-05     60     66     85    252    619
2016-06-06     62     64     85    252    619
2016-06-07     59     64     83    251    613
2016-06-08     60     65     85    253    618
2016-06-09     60     67     88    256    625
2016-06-10     63     70     92    260    627
2016-06-11     62     71     93    263    625
2016-06-12     66     76     97    265    630
2016-06-13     65     76     98    263    603
2016-06-14     66     74     95    263    625
2016-06-15     68     72     94    267    621
2016-06-16     66     72     93    260    610
2016-06-17     68     72     92    260    629
2016-06-18     67     71     91    259    627
2016-06-19     68     71     91    258    623
2016-06-20     65     70     89    258    625
2016-06-21     64     69     88    256    621
2016-06-22     63     67     87    255    623
2016-06-23     60     65     86    254    604
2016-06-24     59     64     85    254    616
2016-06-25     58     63     84    256    624
2016-06-26     58     64     84    253    619
2016-06-27     58     63     83    252    620
2016-06-28     57     61     82    251    614
2016-06-29     56     60     81    248    609
2016-06-30     56     60     81    249    615

#     MEAN   62.0   68.0   88.5  256.6  619.8
