


                             Solar Radio Emission
                    Single-Frequency Total Flux Observations
                        Observing Station: Nobeyama (NBYM)
                    Flux Density in 10^(-22) W m^(-2) Hz^(-1)


             1000   2000   3750   9400  17000
              MHz    MHz    MHz    MHz    MHz

2004-10-01     63     72     96    282    638
2004-10-02     64     71     94    282    641
2004-10-03     64     72     95    282    621
2004-10-04     66     73     95    282    607
2004-10-05     67     75    100    286    602
2004-10-06     66     75    101    285    616
2004-10-07     67     75     99    289    612
2004-10-08     66     76    102    286    602
2004-10-09     65     73     98    289    596
2004-10-10     64     72     97    287    633
2004-10-11     65     72     96    285    633
2004-10-12     64     70     95    283    636
2004-10-13     63     70     94    280    623
2004-10-14     63     71     96    289    620
2004-10-15     61     71     96    280    626
2004-10-16     62     72     97    281    617
2004-10-17     63     75    101    283    634
2004-10-18     64     77    101    284    631
2004-10-19     67     80    103    291    634
2004-10-20     69     83    107    301    598
2004-10-21     71     90    117    300    639
2004-10-22     72     93    122    305    652
2004-10-23     76     98    132    311    655
2004-10-24     79    105    140    313    653
2004-10-25     84    114    148    314    669
2004-10-26     80    103    132    309    618
2004-10-27     82    105    129    302    643
2004-10-28     83    104    126    303    651
2004-10-29     86    107    133    312    656
2004-10-30     85    108    132    303    636
2004-10-31     86    112    145    316    660

#     MEAN   70.2   84.2  110.3  293.3  630.7
