


                             Solar Radio Emission
                    Single-Frequency Total Flux Observations
                        Observing Station: Nobeyama (NBYM)
                    Flux Density in 10^(-22) W m^(-2) Hz^(-1)


             1000   2000   3750   9400  17000
              MHz    MHz    MHz    MHz    MHz

2016-10-01     53     65     88    262    620
2016-10-02     55     66     89    266    631
2016-10-03     56     70     93    266    629
2016-10-04     59     76    101    272    635
2016-10-05     60     78    102    273    624
2016-10-06     62     84    108    277    629
2016-10-07     64     87    108    276    627
2016-10-08     67     89    111    275    628
2016-10-09     64     87    110    274    627
2016-10-10     64     87    111    275    619
2016-10-11     64     86    110    276    625
2016-10-12     63     84    108    277    632
2016-10-13     63     81    107    278    626
2016-10-14     62     81    105    276    626
2016-10-15     61     77    102    273    630
2016-10-16     56     70     95    270    628
2016-10-17     56     67     89    265    619
2016-10-18     56     66     87    266    629
2016-10-19     55     66     88    264    626
2016-10-20     53     65     88    263    629
2016-10-21     52     64     86    263    629
2016-10-22     52     65     88    265    631
2016-10-23     52     64     87    266    626
2016-10-24     52     63     87    266    628
2016-10-25     51     63     84    265    617
2016-10-26     52     65     88    269    638
2016-10-27     51     63     85    268    632
2016-10-28     53     65     88    270    629
2016-10-29     54     66     87    266    620
2016-10-30     54     64     87    265    620
2016-10-31     53     63     85    264    621

#     MEAN   57.0   72.1   95.3  269.4  626.9
