


                             Solar Radio Emission
                    Single-Frequency Total Flux Observations
                        Observing Station: Nobeyama (NBYM)
                    Flux Density in 10^(-22) W m^(-2) Hz^(-1)


             1000   2000   3750   9400  17000
              MHz    MHz    MHz    MHz    MHz

2026-04-01     98    124    136    297    641
2026-04-02    100    129      -    303    625
2026-04-03     94    121    137    301    642
2026-04-04     92    118    128    299    644
2026-04-05     87    108    122    291    643
2026-04-06     85    105    121    292    637
2026-04-07     79    100    117    289    630
2026-04-08     74     93    114    284    622
2026-04-09     72     90    112    284    628
2026-04-10     67     81    100    273      -
2026-04-11     66     79     98    274    627
2026-04-12     68     82    100    276    629
2026-04-13     70     86    105    279    641
2026-04-14     70     85    105    278    636
2026-04-15     70     86    105    278    619
2026-04-16     71     90    111    284    626
2026-04-17     72     92    115    288    631
2026-04-18     72     90    111    284    634
2026-04-19     72     90    110    282    635
2026-04-20     73     90    108    279    628
2026-04-21     74     91    110    280    622
2026-04-22     78     98    114    283    633
2026-04-23     81    103    120    289    630
2026-04-24     85    110    132    303    628
2026-04-25     93    123    147    314    647
2026-04-26     96    130    153    311    645
2026-04-27     96    130    153    312      -
2026-04-28     96    126    145    301    638
2026-04-29     95    127    144    296    632
2026-04-30     92    126    140    294    626

#     MEAN   81.3  103.4  121.2  289.8  632.8
