


                             Solar Radio Emission
                    Single-Frequency Total Flux Observations
                        Observing Station: Nobeyama (NBYM)
                    Flux Density in 10^(-22) W m^(-2) Hz^(-1)


             1000   2000   3750   9400  17000
              MHz    MHz    MHz    MHz    MHz

2022-09-01     73     94    116    284      -
2022-09-02     74     96    120    285    626
2022-09-03     78    101    125    291      -
2022-09-04     81    106    133    300    639
2022-09-05     83    109    133    305    640
2022-09-06     86    109    127    294    646
2022-09-07     86    109    119    287    636
2022-09-08     87    109    122    287    625
2022-09-09     86    109    119    290    636
2022-09-10     88    109    121    288    638
2022-09-11     92    116    129    294    651
2022-09-12     95    129    144    310    662
2022-09-13     96    129    150    314    654
2022-09-14     96    130    152    314    663
2022-09-15     91    123    140    303    659
2022-09-16     87    117    133    303    654
2022-09-17     83    114    128    291    646
2022-09-18     83    114    128    296      -
2022-09-19     84    115    131    295    652
2022-09-20     80    110    130    293      -
2022-09-21     79    112    135    300    633
2022-09-22     76    111    135    298      -
2022-09-23     79    117    138    300      -
2022-09-24     84    124    142    307    652
2022-09-25     83    119    142    297    644
2022-09-26     83    116    131    291    647
2022-09-27     86    120    131    294    654
2022-09-28     87    117    128    291    644
2022-09-29     90    120    130    294    650
2022-09-30     89    119    133    296    658
 
#     MEAN   84.8  114.6  131.5  296.4  646.2
