


                             Solar Radio Emission
                    Single-Frequency Total Flux Observations
                        Observing Station: Nobeyama (NBYM)
                    Flux Density in 10^(-22) W m^(-2) Hz^(-1)


             1000   2000   3750   9400  17000
              MHz    MHz    MHz    MHz    MHz

2013-04-01     80     96    118    292    655
2013-04-02     83    101    123    296    655
2013-04-03     85    103    126    290    640
2013-04-04     88    107    129    293    650
2013-04-05     92    111    129    293    657
2013-04-06     94    115    133    297    651
2013-04-07     97    119    133    298    645
2013-04-08     96    120    139    298    654
2013-04-09     98    123    148    302    662
2013-04-10     98    125    150    308    664
2013-04-11     96    121    143    296    651
2013-04-12     91    117    144    297    652
2013-04-13     87    111    136    292    652
2013-04-14     82    103    123    287    654
2013-04-15     79     96    116    282    653
2013-04-16     77     95    114    282    657
2013-04-17     75     93    119    282    659
2013-04-18     69     85    110    279    658
2013-04-19     68     82    106    274    639
2013-04-20     69     85    108    278    643
2013-04-21     66      -      -      -      -
2013-04-22     71     90    113    278    641
2013-04-23     76     97    127    298    653
2013-04-24     76     94    124    291    637
2013-04-25     78     96    126    292    652
2013-04-26     82    100    126    292    652
2013-04-27     84    105    131    293    647
2013-04-28     85    107    127    290    650
2013-04-29     87    111    134    294    663
2013-04-30     94    124    150    306    662

#     MEAN   83.3  104.6  127.7  291.4  651.9
