


                             Solar Radio Emission
                    Single-Frequency Total Flux Observations
                        Observing Station: Nobeyama (NBYM)
                    Flux Density in 10^(-22) W m^(-2) Hz^(-1)


             1000   2000   3750   9400  17000
              MHz    MHz    MHz    MHz    MHz

2004-05-01     64     73     96    273    632
2004-05-02     63     75    102    278    625
2004-05-03     64     75     99    274    625
2004-05-04     61     72     94    273    616
2004-05-05     61     70     94    273    587
2004-05-06     61     69     93    271    618
2004-05-07     62     69     92    271    625
2004-05-08     60     69     92    270    623
2004-05-09     60     70     95    270    623
2004-05-10     62     74     98    274    611
2004-05-11     63     74     97    273    623
2004-05-12     65     75     98    273    629
2004-05-13     66     79    103    273    630
2004-05-14     66     82    107    276    626
2004-05-15     69     88    115    280    632
2004-05-16     71     93    122    284    617
2004-05-17     70     90    118    283    633
2004-05-18     71     90    113    282    632
2004-05-19     69     86    108    282    627
2004-05-20     70     89    112    285    608
2004-05-21     66     83    109    280    621
2004-05-22     69     87    112    282    623
2004-05-23     67     83    107    278    608
2004-05-24     66     84    109    278    620
2004-05-25     67     85    110    278    623
2004-05-26     65     81    105    273    623
2004-05-27     65     83    108    274    627
2004-05-28     63     81    107    275    625
2004-05-29     63     80    108    276    625
2004-05-30     61     77    105    272    626
2004-05-31     61     76    101    277    627

#     MEAN   64.8   79.5  104.1  276.2  622.3
