


                             Solar Radio Emission
                    Single-Frequency Total Flux Observations
                        Observing Station: Nobeyama (NBYM)
                    Flux Density in 10^(-22) W m^(-2) Hz^(-1)


             1000   2000   3750   9400  17000
              MHz    MHz    MHz    MHz    MHz

2021-08-01     53     64     84    257    622
2021-08-02     51     64     84    259    617
2021-08-03     49     63     84    258    609
2021-08-04     49     62     83    255    613
2021-08-05     48     61     82    256    617
2021-08-06     49     62     83    258    618
2021-08-07     49     62     83    259    617
2021-08-08     49     62     83    258    611
2021-08-09     48     62     82    258    611
2021-08-10     49     62     82    257    614
2021-08-11     49     62     82    258    615
2021-08-12     50     62     81    256    613
2021-08-13     50     62     81    256      -
2021-08-14     51     62     82    261      -
2021-08-15     50     62     82    260      -
2021-08-16     53     64     84    261      -
2021-08-17     51     62     82    260      -
2021-08-18     51     62     82    259      -
2021-08-19     52     63     84    261    608
2021-08-20     53     64     84    263    610
2021-08-21     53     64     85    263    615
2021-08-22     53     65     87    261    614
2021-08-23     54     66     87    261    617
2021-08-24     53     66     85    260    610
2021-08-25     56     71     91    263    616
2021-08-26     55     72     91    260    618
2021-08-27     57     74     94    263    621
2021-08-28     58     76     97    267    631
2021-08-29     60     76     97    267    624
2021-08-30     59     73     98    268    629
2021-08-31     62     75     97    269    624
 
#     MEAN   52.8   65.4   85.9  260.4  616.6
