


                             Solar Radio Emission
                    Single-Frequency Total Flux Observations
                        Observing Station: Nobeyama (NBYM)
                    Flux Density in 10^(-22) W m^(-2) Hz^(-1)


             1000   2000   3750   9400  17000
              MHz    MHz    MHz    MHz    MHz

2009-11-01     50     59     84    265    654
2009-11-02     48     57     81    264    625
2009-11-03     47     56     82    264    635
2009-11-04     48     57     82    263    641
2009-11-05     48     57     82    263    643
2009-11-06     47     56     81    262    646
2009-11-07     48     57     81    261    646
2009-11-08     48     58     81    262    648
2009-11-09     48     58     82    262    650
2009-11-10     49     58     82    263    647
2009-11-11     48     58     81    269    616
2009-11-12     49     57     82    266    636
2009-11-13     50     58     83    266    633
2009-11-14     51     60     85    266    644
2009-11-15     50     60     84    268    644
2009-11-16     51     61     84    268    643
2009-11-17     53     63     86    269    613
2009-11-18     52     61     85    269    639
2009-11-19     53     62     85    268    645
2009-11-20     53     63     86    268    648
2009-11-21     53     62     85    268    647
2009-11-22     54     62     85    268    644
2009-11-23     54     62     86    269    648
2009-11-24     53     61     85    267    649
2009-11-25     51     61     84    267    651
2009-11-26     52     61     85    268    649
2009-11-27     51     60     84    267    651
2009-11-28     50     58     84    268    650
2009-11-29     50     58     83    267    650
2009-11-30     49     57     82    265    643

#     MEAN   50.2   59.2   83.5  266.1  642.6
