


                             Solar Radio Emission
                    Single-Frequency Total Flux Observations
                        Observing Station: Nobeyama (NBYM)
                    Flux Density in 10^(-22) W m^(-2) Hz^(-1)


             1000   2000   3750   9400  17000
              MHz    MHz    MHz    MHz    MHz

2025-02-01    122    171    184    326    679
2025-02-02      -      -      -      -      -
2025-02-03    134    189    215    354    690
2025-02-04    130    187    215    356    683
2025-02-05    121    175    200    346    670
2025-02-06    119    165    184    330    656
2025-02-07    114    158    177    331    655
2025-02-08    110    153    168    326    660
2025-02-09    109    149    171    327    667
2025-02-10    109    143    162    329    668
2025-02-11    106    139    156    319    656
2025-02-12    111    137    155    320    664
2025-02-13    112    148    162    318    651
2025-02-14    125    158    172    329    671
2025-02-15    128    162    171    328    671
2025-02-16    134    169    178    335    683
2025-02-17    135    166    172    327    668
2025-02-18    138    164    168    334    662
2025-02-19    131    160    164    322    654
2025-02-20    131    161    164    323    659
2025-02-21    134    167    174    332    671
2025-02-22    129    174    186    338    672
2025-02-23    127    177    196    347    678
2025-02-24    131    179    196    351    674
2025-02-25    128    174    204    352    686
2025-02-26    123    160    180    328    668
2025-02-27    117    152    172    322    665
2025-02-28    109    141    157    314    665

#     MEAN  122.7  162.1  177.9  332.1  668.3
