


                             Solar Radio Emission
                    Single-Frequency Total Flux Observations
                        Observing Station: Nobeyama (NBYM)
                    Flux Density in 10^(-22) W m^(-2) Hz^(-1)


             1000   2000   3750   9400  17000
              MHz    MHz    MHz    MHz    MHz

2010-04-01     52     64     87    264    621
2010-04-02     51     60     84    269    627
2010-04-03     51     60     85    264    628
2010-04-04     52     62     85    265    627
2010-04-05     52     62     84    266    596
2010-04-06     54     64     87    267    636
2010-04-07     52     62     84    264    604
2010-04-08     53     61     84    263    628
2010-04-09     52     61     83    263    625
2010-04-10     53     61     84    262    631
2010-04-11     52     59     81    259    633
2010-04-12     52     59     82    262    590
2010-04-13     51     59     82    263    642
2010-04-14     51     59     82    261    627
2010-04-15     51     60     81    260    607
2010-04-16     50     58     81    258    594
2010-04-17     49     58     81    257    618
2010-04-18     51     60     81    258    622
2010-04-19     51     59     82    259    629
2010-04-20     51     59     81    259    618
2010-04-21     52     60     83    260    632
2010-04-22     53     61     82    261    601
2010-04-23     53     61     82    260    607
2010-04-24     52     59     81    259    613
2010-04-25     52     59     81    258    621
2010-04-26     53     60     82    259    626
2010-04-27     53     62     82    257    610
2010-04-28     52     60     83    260    618
2010-04-29     52     61     83    260    616
2010-04-30     53     62     84    261    626

#     MEAN   51.9   60.4   82.8  261.3  619.1
