


                             Solar Radio Emission
                    Single-Frequency Total Flux Observations
                        Observing Station: Nobeyama (NBYM)
                    Flux Density in 10^(-22) W m^(-2) Hz^(-1)


             1000   2000   3750   9400  17000
              MHz    MHz    MHz    MHz    MHz

2011-01-01     62     74     97    277    656
2011-01-02     63     74     99    280    658
2011-01-03     64     73     97    277    657
2011-01-04     63     74     99    280    658
2011-01-05     63     74     96    274    654
2011-01-06     62     73     95    278    651
2011-01-07     62     72     94    274    649
2011-01-08     62     71     94    277    656
2011-01-09     60     69     93    273    653
2011-01-10     57     67     91    272    646
2011-01-11     57     67     92    274    650
2011-01-12     57     66     90    271    651
2011-01-13     56     64     88    269    648
2011-01-14     56     63     88    268    648
2011-01-15     56     64     89    271    650
2011-01-16     56     64     89    270    638
2011-01-17     56     65     89    270    648
2011-01-18     57     66     90    271    649
2011-01-19     58     67     90    273    656
2011-01-20     57     65     91    273    651
2011-01-21     58     68     91    272    651
2011-01-22     59     71     94    274    653
2011-01-23     58     70     94    272    648
2011-01-24     56     68     92    270    647
2011-01-25     54     65     89    269    643
2011-01-26     55     65     90    271    648
2011-01-27     54     63     90    272    651
2011-01-28     54     66     91    276    650
2011-01-29     54     65     90    270    649
2011-01-30     55     65     90    269    640
2011-01-31     56     66     90    271    643

#     MEAN   58.0   67.8   92.1  272.9  650.0
