


                             Solar Radio Emission
                    Single-Frequency Total Flux Observations
                        Observing Station: Nobeyama (NBYM)
                    Flux Density in 10^(-22) W m^(-2) Hz^(-1)


             1000   2000   3750   9400  17000
              MHz    MHz    MHz    MHz    MHz

2009-05-01     44     52     77    254    621
2009-05-02     44     52     76    254    624
2009-05-03     44     52     76    254    620
2009-05-04     43     52     75    252    615
2009-05-05     43     52     75    252    611
2009-05-06     43     51     75    246    607
2009-05-07     45     53     77    251    603
2009-05-08     44     53     77    248    608
2009-05-09     46     55     79    258    624
2009-05-10     46     55     79    258    629
2009-05-11     46     55     79    256    622
2009-05-12     47     56     79    257    629
2009-05-13     48     57     79    256    620
2009-05-14     49     58     80    257    620
2009-05-15     49     58     80    256    619
2009-05-16     48     57     79    254    614
2009-05-17     48     57     80    250    596
2009-05-18     49     57     80    257    621
2009-05-19     48     57     79    258    619
2009-05-20     48     56     79    256    622
2009-05-21     47     56     79    256    622
2009-05-22     47     56     79    255    617
2009-05-23     47     55     79    256    623
2009-05-24     46     53     77    253    606
2009-05-25     45     53     76    252    614
2009-05-26     45     53     76    254    616
2009-05-27     44     52     75    253    619
2009-05-28     43     51     74    248    611
2009-05-29     43     52     75    253    607
2009-05-30     44     52     76    252    615
2009-05-31     44     53     76    252    604

#     MEAN   45.7   54.2   77.5  253.8  616.1
