


                             Solar Radio Emission
                    Single-Frequency Total Flux Observations
                        Observing Station: Nobeyama (NBYM)
                    Flux Density in 10^(-22) W m^(-2) Hz^(-1)


             1000   2000   3750   9400  17000
              MHz    MHz    MHz    MHz    MHz

2007-11-01     44     53     78    260    632
2007-11-02     44     53     78    259    631
2007-11-03     45     54     79    261    639
2007-11-04     45     53     79    260    639
2007-11-05     45     54     79    261    641
2007-11-06     44     53     79    258    636
2007-11-07     45     54     80    260    642
2007-11-08     44     54     80    259    642
2007-11-09     44     53     79    260    643
2007-11-10     44     53     79    258    636
2007-11-11     44     53     79    259    625
2007-11-12     44     52     78    258    638
2007-11-13     44     53     79    259    644
2007-11-14     44     54     80    262    645
2007-11-15     45     53     79    261    648
2007-11-16     43     51     78    260    636
2007-11-17     43     53     78    260    642
2007-11-18     43     53     78    260    644
2007-11-19     42     52     78    261    640
2007-11-20     43     52     78    260    644
2007-11-21     43     52     78    261    643
2007-11-22     43     52     78    261    636
2007-11-23     43     52     79    261    639
2007-11-24     44     53     79    261    644
2007-11-25     45     54     80    262    646
2007-11-26     45     54     80    263    653
2007-11-27     45     54     80    262    639
2007-11-28     46     54     80    262    642
2007-11-29     45     54     79    262    635
2007-11-30     46     54     80    262    646

#     MEAN   44.2   53.1   78.9  260.4  640.4
