


                             Solar Radio Emission
                    Single-Frequency Total Flux Observations
                        Observing Station: Nobeyama (NBYM)
                    Flux Density in 10^(-22) W m^(-2) Hz^(-1)


             1000   2000   3750   9400  17000
              MHz    MHz    MHz    MHz    MHz

2011-12-01    100    127    144    321    681
2011-12-02    101    129    153    320    684
2011-12-03    108    136    162    323    699
2011-12-04    112    140    164    320    692
2011-12-05    113    139    165    318    691
2011-12-06    113    134    158    318    686
2011-12-07    112    132    157    315    690
2011-12-08    111    130    154    317    680
2011-12-09    108    126    148    312    675
2011-12-10    107    124    145    314    680
2011-12-11    101    120    140    314    686
2011-12-12     97    114    140    311    687
2011-12-13     95    112    138    304    681
2011-12-14     95    116    136    308    689
2011-12-15     95    115    133    305    685
2011-12-16     93    108    125    293    670
2011-12-17     95    106    123    290    669
2011-12-18      -    108    123    294    673
2011-12-19     95    110    129    296    671
2011-12-20     97    114    131    299    674
2011-12-21     96    118    145    309    680
2011-12-22     97    125    156    330    690
2011-12-23     96    120    149    317    682
2011-12-24     96    116    141    311    674
2011-12-25     99    124    147    317    678
2011-12-26    100    122    149    319    681
2011-12-27     98    120    148    324    682
2011-12-28     98    119    149    320    683
2011-12-29     97    122    152    321    694
2011-12-30     98    125    148    313    679
2011-12-31     98    119    141    309    683

#     MEAN  100.7  121.7  144.9  312.4  682.3
