


                             Solar Radio Emission
                    Single-Frequency Total Flux Observations
                        Observing Station: Nobeyama (NBYM)
                    Flux Density in 10^(-22) W m^(-2) Hz^(-1)


             1000   2000   3750   9400  17000
              MHz    MHz    MHz    MHz    MHz

2015-02-01    113    135    146    317    659
2015-02-02    113    131    142    317    665
2015-02-03    115    130    143    318    667
2015-02-04    117    134    147    318    671
2015-02-05    118    135    146    315    662
2015-02-06    116    131    142    314    668
2015-02-07    117    132    144    316    668
2015-02-08    119    138    152    323    667
2015-02-09    116    136    140    321    663
2015-02-10    117    136    151    325    659
2015-02-11    108    123    140    311    661
2015-02-12    107    119    133    309    659
2015-02-13    101    114    128    305    651
2015-02-14    100    110    126    302    648
2015-02-15     96    108    121    299    637
2015-02-16     94    105    122    302    656
2015-02-17     91    105    122    300    654
2015-02-18     89    106    122    299    642
2015-02-19     90    106    125    304    663
2015-02-20     88    104    123    300    653
2015-02-21     88    104    121    299    655
2015-02-22     87    102    117    295    649
2015-02-23     92    108    123    299    656
2015-02-24     90    104    119    295    649
2015-02-25     95    106    123    296    649
2015-02-26     90    103    123    293    642
2015-02-27     92    101    116    294    644
2015-02-28     94    107    126    299    653

#     MEAN  101.9  116.9  131.6  306.7  656.0
