


                             Solar Radio Emission
                    Single-Frequency Total Flux Observations
                        Observing Station: Nobeyama (NBYM)
                    Flux Density in 10^(-22) W m^(-2) Hz^(-1)


             1000   2000   3750   9400  17000
              MHz    MHz    MHz    MHz    MHz

2025-01-01    147    202    213    367    705
2025-01-02    146    200    214    363    704
2025-01-03    140    188    199    348    693
2025-01-04    137    184    190    345    688
2025-01-05    134    178    185    344    697
2025-01-06    127    161    169    331    688
2025-01-07    126    154    166    324    667
2025-01-08    125    150    161    319    666
2025-01-09    119    143    155    314    658
2025-01-10    122    146    159    320    664
2025-01-11    116    142    152    318    668
2025-01-12    113    141    157    323    671
2025-01-13    112    140    157    330    679
2025-01-14    114    141    161    336    685
2025-01-15    114    147    169    338    675
2025-01-16    119    155    181    345    680
2025-01-17    131    181    211    371    687
2025-01-18    145    193    215    370    687
2025-01-19    145    194    222    358    685
2025-01-20    153    200    232    371    695
2025-01-21    153    192    219    353    684
2025-01-22    157    198    217    357    693
2025-01-23    154    194    208    357    691
2025-01-24    147    190    201    355    691
2025-01-25    141    180    193    353    689
2025-01-26    132    166    178    342    680
2025-01-27    123    151    165    337    680
2025-01-28    120    145    160    330    683
2025-01-29    119    149    169    330    675
2025-01-30    120    153    174    327    669
2025-01-31    119    156    179    326    671

#     MEAN  131.2  168.1  184.8  342.0  682.2
