


                             Solar Radio Emission
                    Single-Frequency Total Flux Observations
                        Observing Station: Nobeyama (NBYM)
                    Flux Density in 10^(-22) W m^(-2) Hz^(-1)


             1000   2000   3750   9400  17000
              MHz    MHz    MHz    MHz    MHz

2012-04-01     76     91    109    278    641
2012-04-02     78     92    110    280    651
2012-04-03     77     91    108    281    647
2012-04-04     75     87    105    275    633
2012-04-05     76     87    108    278    644
2012-04-06     73     86    106    276    635
2012-04-07     70     80     99    273    630
2012-04-08      -     79     99    273    639
2012-04-09     68     78     99    273    639
2012-04-10     67     79     99    273    647
2012-04-11     67     79     99    274    635
2012-04-12     68     80    101    273    646
2012-04-13     68     81    102    274    649
2012-04-14     68     81    102    276    619
2012-04-15     70     83    103    278    651
2012-04-16     72     87    108    280    648
2012-04-17     73     90    112    281    654
2012-04-18     77     97    119    283    650
2012-04-19     83    106    131    287    656
2012-04-20     87    113    136    295    647
2012-04-21     89    118    151    299    658
2012-04-22     89    121    156    305    651
2012-04-23     88    118    151    305    654
2012-04-24     86    114    139    297    658
2012-04-25     81    110    138    292    660
2012-04-26     78    103    124    290    643
2012-04-27     76     97    118    285    643
2012-04-28     77    100    125    289    664
2012-04-29     79     99    118    287    659
2012-04-30     77     98    114    283    650

#     MEAN   76.3   94.2  116.2  283.1  646.8
