


                             Solar Radio Emission
                    Single-Frequency Total Flux Observations
                        Observing Station: Nobeyama (NBYM)
                    Flux Density in 10^(-22) W m^(-2) Hz^(-1)


             1000   2000   3750   9400  17000
              MHz    MHz    MHz    MHz    MHz

2025-10-01    118    167    184    336      -
2025-10-02    110    156    175    331    659
2025-10-03    106    152    160    325    657
2025-10-04    102    144    168    321      -
2025-10-05     98    135    162    311    655
2025-10-06     97    133    151    312    654
2025-10-07     88    117    133    298    638
2025-10-08     90    115    127    300    661
2025-10-09     86    107    123    295    635
2025-10-10     87    108    125    297    645
2025-10-11     85    109    127    301      -
2025-10-12     90    121    138    309    668
2025-10-13     94    129    149    318    657
2025-10-14     94    126    154    323      -
2025-10-15    101    134    164    339    649
2025-10-16    106    141      -    333      -
2025-10-17    105    141    166    337    657
2025-10-18    110    149    169    342    672
2025-10-19    108    143    160    332    671
2025-10-20    111    139    151    326    667
2025-10-21    108    128    140    309    644
2025-10-22    103    124    134    308    648
2025-10-23    103    123    135    306    645
2025-10-24    102    121    133    301    653
2025-10-25    105    123    135    305    628
2025-10-26    103    119    130    301      -
2025-10-27    101    118    126    301    637
2025-10-28     98    115    126    298    633
2025-10-29     96    114    126    295    628
2025-10-30     92    108    121    296    636
2025-10-31     95    111    123    297    635

#     MEAN   99.7  128.1  143.8  313.0  649.2
