


                             Solar Radio Emission
                    Single-Frequency Total Flux Observations
                        Observing Station: Nobeyama (NBYM)
                    Flux Density in 10^(-22) W m^(-2) Hz^(-1)


             1000   2000   3750   9400  17000
              MHz    MHz    MHz    MHz    MHz

2022-01-01     64     82      -    275    629
2022-01-02     63     78    100    274    636
2022-01-03     59     73     95    272    636
2022-01-04     58     72     95    271    630
2022-01-05     57     72     95    269    629
2022-01-06     57     72     95    268    627
2022-01-07     61     80    104    276    631
2022-01-08     67     90    113    282    639
2022-01-09     67     89    108    283    644
2022-01-10     69     90    107    281    643
2022-01-11     70     88    105    279    630
2022-01-12     73     90      -    277    626
2022-01-13     72     91    108    278    630
2022-01-14     73     92    111    285    627
2022-01-15     76     94      -    284    641
2022-01-16     78     99      -    287    644
2022-01-17     78     97    118    286    644
2022-01-18     77     95    116    284    633
2022-01-19     74     93    112    283    637
2022-01-20     73     91      -    281    620
2022-01-21     71     85    105    277    626
2022-01-22     71     83    102    274    628
2022-01-23     70     80    103    273    627
2022-01-24     68     81     99    276    635
2022-01-25     69     81    102    278    640
2022-01-26     70     87    107    281    646
2022-01-27     69     86    106    277    632
2022-01-28     70     90      -    280    635
2022-01-29     71     95      -    287    633
2022-01-30     79    109      -    302    641
2022-01-31     76    106      -    298    640
 
#     MEAN   69.4   88.0  104.8  279.9  634.2
