


                             Solar Radio Emission
                    Single-Frequency Total Flux Observations
                        Observing Station: Nobeyama (NBYM)
                    Flux Density in 10^(-22) W m^(-2) Hz^(-1)


             1000   2000   3750   9400  17000
              MHz    MHz    MHz    MHz    MHz

2006-05-01     64     78     97    265    639
2006-05-02     62     74     92    265    617
2006-05-03     60     71     92    264    627
2006-05-04     60     71     93    265    631
2006-05-05     59     70     93    265    638
2006-05-06     59     69     92    263    634
2006-05-07     57     66     90    262    621
2006-05-08     57     68     90    261    630
2006-05-09     58     67     89    264    629
2006-05-10     54     63     86    264    618
2006-05-11     52     60     84    261    602
2006-05-12     54     61     84    263    622
2006-05-13     51     58     82    261    613
2006-05-14     50     56     80    259    618
2006-05-15     48     55     79    257    619
2006-05-16     47     54     78    258    614
2006-05-17     46     54     79    258    614
2006-05-18     47     56     80    260    600
2006-05-19     48     55     80    257    595
2006-05-20     50     59     83    260    628
2006-05-21     52     59     83    263    618
2006-05-22     52     61     84    262    620
2006-05-23     56     64     87    265    619
2006-05-24     59     66     89    267    627
2006-05-25     57     65     88    267    622
2006-05-26     57     64     87    267    615
2006-05-27     57     64     87    267    611
2006-05-28     58     66     89    267    615
2006-05-29     59     66     88    266    612
2006-05-30     57     65     87    265    623
2006-05-31     56     62     85    265    624

#     MEAN   54.9   63.5   86.3  263.1  619.9
