


                             Solar Radio Emission
                    Single-Frequency Total Flux Observations
                        Observing Station: Nobeyama (NBYM)
                    Flux Density in 10^(-22) W m^(-2) Hz^(-1)


             1000   2000   3750   9400  17000
              MHz    MHz    MHz    MHz    MHz

2005-09-01     59     67     89    265    639
2005-09-02     57     65     87    266    628
2005-09-03     53     61     84    261    621
2005-09-04     49     57     82    258    628
2005-09-05     49     58     82    253    619
2005-09-06     49     59     84    259    619
2005-09-07     52     71    105    280    634
2005-09-08     53     67    100    291    669
2005-09-09     56     74    118    326    703
2005-09-10     58     75    110    313    700
2005-09-11     61     83    119    297    676
2005-09-12     63     86    129    300    669
2005-09-13     67     95    136    309    678
2005-09-14     66     86    118    300    676
2005-09-15     65     89    128    302    671
2005-09-16     66     89    119    297    664
2005-09-17     66     87    116    285    652
2005-09-18     67     83    111    280    650
2005-09-19     69     81    108    276    646
2005-09-20     65     74     99    271    649
2005-09-21     64     70     96    270    640
2005-09-22     62     69     93    267    638
2005-09-23     61     69     94    270    642
2005-09-24     59     65     90    260    626
2005-09-25     57     65     90    261    637
2005-09-26     58     64     90    263    642
2005-09-27     55     64     89    265    642
2005-09-28     51     60     87    260    636
2005-09-29     51     58     85    263    635
2005-09-30     49     57     84    247    632

#     MEAN   58.5   71.5  100.7  277.2  648.7
