


                             Solar Radio Emission
                    Single-Frequency Total Flux Observations
                        Observing Station: Nobeyama (NBYM)
                    Flux Density in 10^(-22) W m^(-2) Hz^(-1)


             1000   2000   3750   9400  17000
              MHz    MHz    MHz    MHz    MHz

2008-11-01     46     54     80    260    634
2008-11-02     47     54     81    261    643
2008-11-03     47     55     81    260    638
2008-11-04     48     56     82    260    641
2008-11-05     47     55     81    260    637
2008-11-06     46     55     80    261    642
2008-11-07     47     56     81    261    643
2008-11-08     47     55     80    260    628
2008-11-09     47     56     80    260    624
2008-11-10     48     55     80    260    634
2008-11-11     49     56     82    261    635
2008-11-12     49     58     83    262    640
2008-11-13     50     58     83    262    646
2008-11-14     49     57     82    262    645
2008-11-15     48     56     81    260    626
2008-11-16     48     56     81    260    632
2008-11-17     48     55     80    262    643
2008-11-18     47     55     81    262    636
2008-11-19     49     54     80    263    635
2008-11-20     46     54     80    263    637
2008-11-21     46     54     80    264    638
2008-11-22     46     54     80    262    640
2008-11-23     46     54     80    261    646
2008-11-24     46     54     80    261    636
2008-11-25     46     53     79    262    648
2008-11-26     46     53     79    263    639
2008-11-27     47     54     79    264    646
2008-11-28     45     54     80    264    641
2008-11-29     46     53     78    263    633
2008-11-30     46     53     79    264    638

#     MEAN   47.1   54.9   80.4  261.6  638.1
