


                             Solar Radio Emission
                    Single-Frequency Total Flux Observations
                        Observing Station: Nobeyama (NBYM)
                    Flux Density in 10^(-22) W m^(-2) Hz^(-1)


             1000   2000   3750   9400  17000
              MHz    MHz    MHz    MHz    MHz

2009-12-01     50     58     83    266    650
2009-12-02     50     58     82    267    647
2009-12-03     48     57     82    265    622
2009-12-04     48     56     82    268    647
2009-12-05     48     57     82    267    633
2009-12-06     49     56     82    266    648
2009-12-07     49     57     82    268    643
2009-12-08     48     57     81    266    650
2009-12-09     49     58     83    266    650
2009-12-10     50     58     84    267    652
2009-12-11     49     57     82      -      -
2009-12-12     52     60     84    266    655
2009-12-13     51     60     84    270    648
2009-12-14     52     61     86    271    653
2009-12-15     53     63     89    274    648
2009-12-16     58     68     94    279    654
2009-12-17     57     67     98    282    651
2009-12-18     57     69     96    281    647
2009-12-19     58     71     95    278    645
2009-12-20     58     69     93    277    648
2009-12-21     58     70     94    278    645
2009-12-22     59     69     93    278    656
2009-12-23     58     67     91    276    655
2009-12-24     57     65     89    275    656
2009-12-25     56     63     88    274    656
2009-12-26     56     63     88    273    655
2009-12-27     56     63     87    272    651
2009-12-28     54     62     87    271    653
2009-12-29     54     62     86    271    648
2009-12-30     54     61     86    271    648
2009-12-31     54     64     89    274    644

#     MEAN   53.2   62.1   87.1  271.9  648.7
