


                             Solar Radio Emission
                    Single-Frequency Total Flux Observations
                        Observing Station: Nobeyama (NBYM)
                    Flux Density in 10^(-22) W m^(-2) Hz^(-1)


             1000   2000   3750   9400  17000
              MHz    MHz    MHz    MHz    MHz

2010-02-01     51     61     85    269    641
2010-02-02     52     63     85    273    641
2010-02-03     52     61     86    271    639
2010-02-04     52     60     85    272    638
2010-02-05     51     60     86    272    639
2010-02-06     52     61     87    273    627
2010-02-07     57     73    105    288    651
2010-02-08     57     71     98    279    651
2010-02-09     60     73     99    276    654
2010-02-10     61     74     98    276    654
2010-02-11     61     76     99      -      -
2010-02-12     60     78     93      -      -
2010-02-13     62     81     96      -      -
2010-02-14     62     76     97    295    578
2010-02-15     61     74     98    277    647
2010-02-16     60     71     94    276    633
2010-02-17     62     73     94    276    630
2010-02-18     61     71     94    275    647
2010-02-19     59     69     92    274    643
2010-02-20     59     68     91    272    639
2010-02-21     58     68     92    273    642
2010-02-22     58     68     90    271    641
2010-02-23     57     68     90    272    648
2010-02-24     57     67     91    273    651
2010-02-25     56     67     89    271    647
2010-02-26     55     64     87    268    628
2010-02-27     54     63     86    270    640
2010-02-28     52     64     85    271    637

#     MEAN   57.1   68.7   91.8  274.5  639.5
