


                             Solar Radio Emission
                    Single-Frequency Total Flux Observations
                        Observing Station: Nobeyama (NBYM)
                    Flux Density in 10^(-22) W m^(-2) Hz^(-1)


             1000   2000   3750   9400  17000
              MHz    MHz    MHz    MHz    MHz

2005-02-01     57     66     90    285    634
2005-02-02     56     65     89    282    634
2005-02-03     57     65     89    281    643
2005-02-04     56     65     90    282    643
2005-02-05     59     69     94    285    647
2005-02-06     60     74     98    289    649
2005-02-07     63     78    102    292    653
2005-02-08     65     84    108    291    644
2005-02-09     68     87    110    302    658
2005-02-10     71     91    111    305    655
2005-02-11     75     93    112    307    658
2005-02-12     78     95    117    311    662
2005-02-13     76     93    117    314    654
2005-02-14     77     95    118    310    656
2005-02-15     77     95    121    307    656
2005-02-16     76     93    122    308    648
2005-02-17     72     88    118    304    652
2005-02-18     68     81    112    304    650
2005-02-19     65     79    107    302    646
2005-02-20     61     74    103    293    643
2005-02-21     60     72    100    288    638
2005-02-22     60     70     99    287    640
2005-02-23     59     69     96    283    639
2005-02-24     56     65     89    276    636
2005-02-25     53     61     86    274    637
2005-02-26     51     59     84    273    636
2005-02-27     51     58     83    270    631
2005-02-28     49     57     82    270    636

#     MEAN   63.4   76.5  101.7  292.0  645.6
