


                             Solar Radio Emission
                    Single-Frequency Total Flux Observations
                        Observing Station: Nobeyama (NBYM)
                    Flux Density in 10^(-22) W m^(-2) Hz^(-1)


             1000   2000   3750   9400  17000
              MHz    MHz    MHz    MHz    MHz

2021-10-01     63     81    102    275    618
2021-10-02     64     79    100    277    635
2021-10-03     62     76     99    273    634
2021-10-04     62     75     95    272    635
2021-10-05     61     72     93    270    638
2021-10-06     61     73     93    271    631
2021-10-07     61     75     96    272    629
2021-10-08     60     74     96    273    631
2021-10-09     61     77     99    276    643
2021-10-10     58     76    100    272    632
2021-10-11     60     75     96    272    632
2021-10-12     59     75     95    274    629
2021-10-13     57     72     94    274    624
2021-10-14     58     73     94    278    625
2021-10-15     58     70     93    273    626
2021-10-16     56     67     91    272    635
2021-10-17     53     65     89    265      -
2021-10-18     55     65     88    267    616
2021-10-19     54     64     87    265    616
2021-10-20     53     64     87    265    614
2021-10-21     55     66     88    268    617
2021-10-22     57     70     92    270    618
2021-10-23     57     72     96    275    617
2021-10-24     59     76    101    277    628
2021-10-25     64     80    105    278    627
2021-10-26     67     88    113    289    634
2021-10-27     72     92    119    289    628
2021-10-28     74     95    119    289    632
2021-10-29     74     96    118    291    625
2021-10-30     76     94    116    283    629
2021-10-31     77     94    111    281    627
 
#     MEAN   62.1   76.5   98.9  275.0  627.5
