


                             Solar Radio Emission
                    Single-Frequency Total Flux Observations
                        Observing Station: Nobeyama (NBYM)
                    Flux Density in 10^(-22) W m^(-2) Hz^(-1)


             1000   2000   3750   9400  17000
              MHz    MHz    MHz    MHz    MHz

2005-12-01     64     77    105    288    662
2005-12-02     63     79    112    287    662
2005-12-03     67     81    108    281    654
2005-12-04     62     77    103    273    643
2005-12-05     63     76    100    271    635
2005-12-06     62     73     96    270    639
2005-12-07     60     69     93    268    643
2005-12-08     59     68     93    269    644
2005-12-09     59     70     95    272    649
2005-12-10     59     69     97    274    649
2005-12-11     59     71     98    277    648
2005-12-12     60     71     96    273    648
2005-12-13     59     68     95    272    648
2005-12-14     59     70     95    271    639
2005-12-15     59     69     95    271    644
2005-12-16     58     67     93    270    644
2005-12-17     57     68     92    271    646
2005-12-18     57     67     92    273    637
2005-12-19     58     67     95    275    644
2005-12-20     60     70     95    273    658
2005-12-21     59     68     93    273    653
2005-12-22     59     70     94    277    650
2005-12-23     63     77    100    280    661
2005-12-24     63     74     99    278    656
2005-12-25     66     75     99    279    660
2005-12-26     67     76     98    279    651
2005-12-27     68     77     99    278    659
2005-12-28     69     77     98    277    660
2005-12-29     69     75     97    276    655
2005-12-30     73     78    100    278    660
2005-12-31     69     73     97    277    651

#     MEAN   62.3   72.5   97.4  275.2  650.1
