


                             Solar Radio Emission
                    Single-Frequency Total Flux Observations
                        Observing Station: Nobeyama (NBYM)
                    Flux Density in 10^(-22) W m^(-2) Hz^(-1)


             1000   2000   3750   9400  17000
              MHz    MHz    MHz    MHz    MHz

2005-11-01     51     60     87    257    642
2005-11-02     52     61     87    257    648
2005-11-03     53     61     87    257    640
2005-11-04     53     61     86    254    647
2005-11-05     54     61     86    254    645
2005-11-06     56     63     89    257    637
2005-11-07     57     65     89    258    647
2005-11-08     56     63     89    255    645
2005-11-09     57     64     88    257    645
2005-11-10     55     61     87    255    648
2005-11-11     53     60     86    254    650
2005-11-12     54     62     88    258    642
2005-11-13     56     65     94    262    650
2005-11-14     57     68     98    266    650
2005-11-15     58     71    102    269    648
2005-11-16     58     70    104    269    645
2005-11-17     57     73    106    272    646
2005-11-18     58     75    110    281    654
2005-11-19     58     73    105    276    648
2005-11-20     59     76    108    282    655
2005-11-21     59     73    106    278    659
2005-11-22     57     72    102    272    657
2005-11-23     57     71    100    271    656
2005-11-24     55     68     96    270    657
2005-11-25     55     66     93    268    655
2005-11-26     55     63     88    265    650
2005-11-27     55     63     87    265    652
2005-11-28     56     64     89    267    651
2005-11-29     56     65     90    267    653
2005-11-30     57     67     91    268    651

#     MEAN   55.8   66.2   93.8  264.7  649.1
