


                             Solar Radio Emission
                    Single-Frequency Total Flux Observations
                        Observing Station: Nobeyama (NBYM)
                    Flux Density in 10^(-22) W m^(-2) Hz^(-1)


             1000   2000   3750   9400  17000
              MHz    MHz    MHz    MHz    MHz

2016-12-01     55     71     91    272    636
2016-12-02     55     72     92    271    638
2016-12-03     56     73     92    274    639
2016-12-04     55     73     95    276    642
2016-12-05     56     74     95    274    645
2016-12-06     52      -     91    270    630
2016-12-07     54     64     89    270    638
2016-12-08     50     62     86    268    638
2016-12-09     48     60     84    266    638
2016-12-10     48     58     83    264    631
2016-12-11      -     57     82    263      -
2016-12-12     47     57     81    264    630
2016-12-13     47     57     81    265    631
2016-12-14     47     57     81    263    626
2016-12-15     48     57     82    262    624
2016-12-16     49     58     82    263    627
2016-12-17     49     58     82    266    629
2016-12-18     49     58     82    265    636
2016-12-19     50     59     83    268    642
2016-12-20     50     59     83    266    638
2016-12-21     52     62     85    270    642
2016-12-22     53     62     85    270    633
2016-12-23     53     61     85    268    637
2016-12-24     53     59     83    268    632
2016-12-25     51     59     83    266    631
2016-12-26     51     58     82    266    636
2016-12-27     52     59     83    266    636
2016-12-28     50     59     82    263    622
2016-12-29     51     59     83    264    633
2016-12-30     50     59     83    264    629
2016-12-31     50     59     83    265    638

#     MEAN   51.0   61.3   85.0  267.1  634.3
