


                             Solar Radio Emission
                    Single-Frequency Total Flux Observations
                        Observing Station: Nobeyama (NBYM)
                    Flux Density in 10^(-22) W m^(-2) Hz^(-1)


             1000   2000   3750   9400  17000
              MHz    MHz    MHz    MHz    MHz

2016-05-01     63     78    101    270    636
2016-05-02     64     79     97    268    636
2016-05-03     62     78     96    267    636
2016-05-04     63     79     96    267    635
2016-05-05     64     76     96    265    634
2016-05-06     62     75     92    263    628
2016-05-07     62     76     93    262    631
2016-05-08     62     73     90    260    630
2016-05-09     58     69     87    257    616
2016-05-10     61     73     93    262    631
2016-05-11     61     75     93    260    617
2016-05-12     61     77     96    262    633
2016-05-13     61     77     96    265    636
2016-05-14     64     82    101    273    638
2016-05-15     63     84    107    278    642
2016-05-16     65     85    109    282    639
2016-05-17     64     84    108    279    635
2016-05-18     64     85    109    283    641
2016-05-19     61     83    107    281    635
2016-05-20     60     81    107    282    637
2016-05-21     60     80    108    283    638
2016-05-22     59     79    106    277    633
2016-05-23     60     79    106    278    642
2016-05-24     59     77    102    275    641
2016-05-25     59     76    100    271    627
2016-05-26     58     74     99    270    635
2016-05-27     57     72     95    263    620
2016-05-28     60     74     94    263    623
2016-05-29     58     70     90    260    628
2016-05-30     58     69     91    255    615
2016-05-31     61     71     91    260    630

#     MEAN   61.1   77.0   98.6  269.0  632.2
