


                             Solar Radio Emission
                    Single-Frequency Total Flux Observations
                        Observing Station: Nobeyama (NBYM)
                    Flux Density in 10^(-22) W m^(-2) Hz^(-1)


             1000   2000   3750   9400  17000
              MHz    MHz    MHz    MHz    MHz

2025-05-01    100    128    150    326    645
2025-05-02     99    127    155    333      -
2025-05-03     98    128    161    342    632
2025-05-04     96    127    163    337    642
2025-05-05     96    130    167    336    644
2025-05-06     93    129    166    327      -
2025-05-07     96    128    161    325    632
2025-05-08     97    128    158    327    641
2025-05-09     96    123    148    318    635
2025-05-10     93    116    139    310    637
2025-05-11     91    113    131    302    641
2025-05-12     88    108    124    289    640
2025-05-13     88    105    119    286    641
2025-05-14     87    102    118    289    637
2025-05-15     87    104    117    293    633
2025-05-16     87    106    118    292    633
2025-05-17     91    105    118    292      -
2025-05-18     89    105    117    293    636
2025-05-19     90    107    119    294    642
2025-05-20     91    107    119    294    643
2025-05-21     93    108    120    293    639
2025-05-22     92    108    118    293    643
2025-05-23     91    111    122    295    641
2025-05-24     89    109    120    300    621
2025-05-25     94    117    132    305    643
2025-05-26     93    116    133    306    635
2025-05-27     90    115    134    305    632
2025-05-28     93    122    143    309    640
2025-05-29     94    122    143    306    623
2025-05-30     97    125    147    305      -
2025-05-31    106    136    158    308    627

#     MEAN   93.0  116.6  136.7  307.4  636.9
