


                             Solar Radio Emission
                    Single-Frequency Total Flux Observations
                        Observing Station: Nobeyama (NBYM)
                    Flux Density in 10^(-22) W m^(-2) Hz^(-1)


             1000   2000   3750   9400  17000
              MHz    MHz    MHz    MHz    MHz

2026-03-01    100    128    138    307    656
2026-03-02    101    127    141    305    655
2026-03-03      -      -      -      -      -
2026-03-04    101    127      -    306    637
2026-03-05    101    126    138    300    638
2026-03-06    100    129    146    305    646
2026-03-07     96    125    140    305    647
2026-03-08     90    117    134    297    636
2026-03-09     87    114    130    298    641
2026-03-10     84    110    128    297    636
2026-03-11     82    108    125    296    637
2026-03-12     79    104    125    293    638
2026-03-13     78    103    124    298    634
2026-03-14     76     99    122    293    635
2026-03-15     77     96    113    290    637
2026-03-16     76     91    112    286    635
2026-03-17     80     97    116    288    642
2026-03-18     78     95    114    287    641
2026-03-19     77     94    113    289    636
2026-03-20     75     89    106    282    629
2026-03-21     74     89    106    281    634
2026-03-22     78     94    112    287    636
2026-03-23     83    103    125    298    643
2026-03-24     81    106    126    296    642
2026-03-25     85    109    130    297    632
2026-03-26     88    119    145    311      -
2026-03-27     96    130    158    312    641
2026-03-28    100    133    156    314    650
2026-03-29    103    140    157    310    648
2026-03-30    107    139    148    309    654
2026-03-31    103    132    147    305    632

#     MEAN   87.8  112.6  130.0  298.0  640.3
