


                             Solar Radio Emission
                    Single-Frequency Total Flux Observations
                        Observing Station: Nobeyama (NBYM)
                    Flux Density in 10^(-22) W m^(-2) Hz^(-1)


             1000   2000   3750   9400  17000
              MHz    MHz    MHz    MHz    MHz

2025-11-01     90    106    121    299    637
2025-11-02     89    108    124    299    641
2025-11-03     88    112    133    304      -
2025-11-04     88    120    142    316    655
2025-11-05     94    134    158    314    657
2025-11-06     97    137    162    323    662
2025-11-07    100    143    167    333    663
2025-11-08    104    150    175    345    666
2025-11-09    111    157    182    336    662
2025-11-10    113    157    184    329    655
2025-11-11    115    154    179    338    659
2025-11-12    112    151    174    340    661
2025-11-13    112    148    166    326    666
2025-11-14    111    144    157    322    664
2025-11-15    107    134    148    314    666
2025-11-16     99    123    135    305    663
2025-11-17     98    120    131    300    667
2025-11-18     93    113    127    294    653
2025-11-19     90    109    124    291    651
2025-11-20     91    110    125    291    651
2025-11-21     89    109    126    293    662
2025-11-22     89    109    127    295    658
2025-11-23     89    111    126    292    660
2025-11-24     91    111    126    292    657
2025-11-25     89    106    120    286      -
2025-11-26     90    107    122    287    639
2025-11-27     92    112    127    290    648
2025-11-28     95    117    133    296    658
2025-11-29    103    132    149    312    666
2025-11-30     99    141    170    340    691

#     MEAN   97.6  126.3  144.7  310.0  658.5
