


                             Solar Radio Emission
                    Single-Frequency Total Flux Observations
                        Observing Station: Nobeyama (NBYM)
                    Flux Density in 10^(-22) W m^(-2) Hz^(-1)


             1000   2000   3750   9400  17000
              MHz    MHz    MHz    MHz    MHz

2016-04-01     57     70     91    265    628
2016-04-02     58     70     91    265    629
2016-04-03     58     70     90    262    621
2016-04-04     60     72     92    268    634
2016-04-05     58     70     90    265    633
2016-04-06     59     72     93    267    633
2016-04-07     60     74     94    265    618
2016-04-08     64     81    104    283    640
2016-04-09     66     86    111    286    646
2016-04-10     70     90    118    297    650
2016-04-11     74     95    126    303    646
2016-04-12     68     92    119    299    641
2016-04-13     68     91    121    300    637
2016-04-14     68     93    121    302    651
2016-04-15     65     93    124    300    643
2016-04-16     66     94    125    299    648
2016-04-17     63     88    118    289    640
2016-04-18     61     84    112    286    644
2016-04-19     60     80    103    276    633
2016-04-20     58     73     95    268    632
2016-04-21     56     69     89    263    626
2016-04-22     53     64     84    259    631
2016-04-23     54     65     86    261    632
2016-04-24     54     67     88    263    641
2016-04-25     56     70     90    264    629
2016-04-26     56     70     90    264    636
2016-04-27     60     76     96    268    631
2016-04-28     60     77     98    267    621
2016-04-29     63     79     99    267    625
2016-04-30     63     79     98    267    631

#     MEAN   61.2   78.5  101.9  276.3  635.0
