


                             Solar Radio Emission
                    Single-Frequency Total Flux Observations
                        Observing Station: Nobeyama (NBYM)
                    Flux Density in 10^(-22) W m^(-2) Hz^(-1)


             1000   2000   3750   9400  17000
              MHz    MHz    MHz    MHz    MHz

2024-04-01     93    116    132    308    652
2024-04-02     87      -    121    294    644
2024-04-03     85     99    116    288      -
2024-04-04     85     99    114    288    625
2024-04-05     86    101    117    291    608
2024-04-06     88    107    123    295    629
2024-04-07     88    108    125    293    636
2024-04-08     93    114    129    296    640
2024-04-09     91    110    125    295      -
2024-04-10     94    112    126    298    628
2024-04-11     96    119    133    307    640
2024-04-12    101    131    148    316    650
2024-04-13    104    138    151    317    659
2024-04-14    109    149    159    324    670
2024-04-15    117    162    179    336    678
2024-04-16    121    169    186    340    670
2024-04-17    124    174    192    337    670
2024-04-18    131    190    213    355    676
2024-04-19    131    186    204    348    676
2024-04-20    134    192    205    337    674
2024-04-21    131    190    206    344    667
2024-04-22    129    185    208    345    665
2024-04-23    132    195    215    360    672
2024-04-24    131    190    207    355      -
2024-04-25    122    176    191    348    680
2024-04-26    113    150    160    325    661
2024-04-27    102    135    149    317    654
2024-04-28     99    130    152    320    663
2024-04-29     93    124    147    322    649
2024-04-30     93    119    137    309    637

#     MEAN  106.7  143.8  159.0  320.2  654.5
