


                             Solar Radio Emission
                    Single-Frequency Total Flux Observations
                        Observing Station: Nobeyama (NBYM)
                    Flux Density in 10^(-22) W m^(-2) Hz^(-1)


             1000   2000   3750   9400  17000
              MHz    MHz    MHz    MHz    MHz

2021-01-01     56     68     90    272    621
2021-01-02     55     66     88    271    624
2021-01-03     54     65     88    272    626
2021-01-04     54     64     87    271    628
2021-01-05     52     62     85    270    631
2021-01-06     49     61     83    269    628
2021-01-07     50     61     83    269    619
2021-01-08     48     60     82    267    614
2021-01-09     49     61     84    268    617
2021-01-10     49     61     84    269    620
2021-01-11     48     60     83    268    616
2021-01-12     47     59     83    267    615
2021-01-13     47     59      -    269    627
2021-01-14     47     59     83    269    640
2021-01-15     48     60     84    268    632
2021-01-16     48     61     84    269    630
2021-01-17     47     61     84    269    623
2021-01-18     48     62     86    270    626
2021-01-19     48     62     85    268    622
2021-01-20     50     63     87    272    629
2021-01-21     51     64     87    271    635
2021-01-22     51     63     87    270    637
2021-01-23     53     62     86    272    626
2021-01-24      -      -      -      -      -
2021-01-25      -      -     89    273    631
2021-01-26     52     63     86    265    625
2021-01-27     51     62     85    268    619
2021-01-28     52     62     85    271    620
2021-01-29     50     62     84    271    619
2021-01-30     51     62     84    269    618
2021-01-31     49     61     84    268    617
 
#     MEAN   50.1   62.3   85.2  269.5  624.5
