


                             Solar Radio Emission
                    Single-Frequency Total Flux Observations
                        Observing Station: Nobeyama (NBYM)
                    Flux Density in 10^(-22) W m^(-2) Hz^(-1)


             1000   2000   3750   9400  17000
              MHz    MHz    MHz    MHz    MHz

2014-09-01     90    108    130    286    640
2014-09-02     92    113    134    288    643
2014-09-03     90    114    136    294    650
2014-09-04     95    123    148    306    652
2014-09-05     94    124    149    315    659
2014-09-06     98    130    156    321    675
2014-09-07     99    136    162    329    670
2014-09-08     99    134    163    327    664
2014-09-09    107    142    164    324    678
2014-09-10    102    139    164    314    659
2014-09-11    101    135    157    313    662
2014-09-12    101    138    162    312    661
2014-09-13    102    135    155    306    656
2014-09-14     99    130    155    310    655
2014-09-15     97    129    144    306    661
2014-09-16     96    122    135    296    663
2014-09-17     96    120    133    300    650
2014-09-18     93    114    129      -    650
2014-09-19     93    110    126      -    653
2014-09-20     90    105    123    293    645
2014-09-21     90    106    127    295    652
2014-09-22     93    111    135    298    656
2014-09-23     94    117    141    300    650
2014-09-24     98    123    147    301    648
2014-09-25    100    130    154    310    662
2014-09-26    105    142    165    315    664
2014-09-27    109    153    182    327    673
2014-09-28    112    157    186    329    676
2014-09-29    107    147    185    337    681
2014-09-30    111    151    178    329    677

#     MEAN   98.5  128.0  150.8  310.1  659.5
