


                             Solar Radio Emission
                    Single-Frequency Total Flux Observations
                        Observing Station: Nobeyama (NBYM)
                    Flux Density in 10^(-22) W m^(-2) Hz^(-1)


             1000   2000   3750   9400  17000
              MHz    MHz    MHz    MHz    MHz

2014-05-01     87    102    121    286    639
2014-05-02     89    107    134    289    645
2014-05-03     90    113    141    296    649
2014-05-04     88    109    136    297    657
2014-05-05     89    111    135    298    662
2014-05-06     89    114    141    302    652
2014-05-07     90    117    145    312    662
2014-05-08     94    123    149    320    664
2014-05-09     94    124    150    316    662
2014-05-10     94    127    154    314    657
2014-05-11     97    130    156    311    660
2014-05-12    103    138    161    312    658
2014-05-13    103    135    152    305    662
2014-05-14    104    134    151    305    661
2014-05-15    106    137    154    305    671
2014-05-16    103    129    145    298    650
2014-05-17     98    122    138    294    654
2014-05-18     96    114    130    289    653
2014-05-19     93    107    124    285    646
2014-05-20     88    101    121    288    650
2014-05-21     87    101    120    283    642
2014-05-22     83     96    115    277    638
2014-05-23     84     98    117    280    642
2014-05-24     83    100    119    278    646
2014-05-25     82     99    120    282    647
2014-05-26     80     95    114    276    635
2014-05-27     78     91    111    274    639
2014-05-28     76     88    107    275    642
2014-05-29     76     87    104    270    618
2014-05-30     78     90    110    273    643
2014-05-31     75     87    107    273    644

#     MEAN   89.6  110.4  131.7  292.3  650.0
