


                             Solar Radio Emission
                    Single-Frequency Total Flux Observations
                        Observing Station: Nobeyama (NBYM)
                    Flux Density in 10^(-22) W m^(-2) Hz^(-1)


             1000   2000   3750   9400  17000
              MHz    MHz    MHz    MHz    MHz

2012-10-01     96    115    139    309    674
2012-10-02     92    107    131    302    669
2012-10-03     86     98    120    295    656
2012-10-04     80     94    119    292    658
2012-10-05     78     92    115    289    658
2012-10-06     74     89    111    287    660
2012-10-07     70     84    106    282    653
2012-10-08     71     84    108    283    659
2012-10-09     71     88    114    288    659
2012-10-10     71     90    117    289    659
2012-10-11     73     93    119    288    662
2012-10-12     75     97    126    286    659
2012-10-13     76    101    127    287    658
2012-10-14     82    107    131    291    670
2012-10-15     87    113    137    296    668
2012-10-16     91    117    139    297    674
2012-10-17     94    120    139    301    670
2012-10-18     97    119    138    303    656
2012-10-19    101    124    142    305    668
2012-10-20    105    127    146    308    669
2012-10-21    108    131    151    318    683
2012-10-22    107    129    148    314    675
2012-10-23    105    127    149    323    677
2012-10-24    103    123    147    314    670
2012-10-25     99    117    141    306    666
2012-10-26     96    114    139    304    667
2012-10-27     94    111    136    305    665
2012-10-28     87    102    127    296    653
2012-10-29     84     99    124    293    661
2012-10-30     79     93    119    292    656
2012-10-31     79     90    117    290    652

#     MEAN   87.4  106.2  129.7  297.9  664.0
