


                             Solar Radio Emission
                    Single-Frequency Total Flux Observations
                        Observing Station: Nobeyama (NBYM)
                    Flux Density in 10^(-22) W m^(-2) Hz^(-1)


             1000   2000   3750   9400  17000
              MHz    MHz    MHz    MHz    MHz

2021-04-01     47     59     82    259    623
2021-04-02     47     59     82    259    617
2021-04-03     46     58     81    258    614
2021-04-04     47     58     82    259    610
2021-04-05     46     58     81    258    606
2021-04-06     47     58     81    259    611
2021-04-07     46     57     80    262    612
2021-04-08     46     57     80    259    611
2021-04-09     47     57     80    259    611
2021-04-10     46     57     79    259    610
2021-04-11     46     58     79    258    619
2021-04-12     47     59     81    262    616
2021-04-13     47     59     82    255      -
2021-04-14     48     60     81    258    606
2021-04-15     48     61     83    259    610
2021-04-16     48     62     84    259    607
2021-04-17     48     61     82    258      -
2021-04-18     48     61     82    258    602
2021-04-19     48     62     85    261    611
2021-04-20     52     67     90    265    623
2021-04-21     50     65     88    264    621
2021-04-22     49     63     86    262    618
2021-04-23     49     62     86    264    623
2021-04-24     49     62     84    260    620
2021-04-25     51     64     86    260    614
2021-04-26     49     65     86    260    606
2021-04-27     51     65     86    259    612
2021-04-28     50     63     84    258    612
2021-04-29     49     62     83    257      -
2021-04-30     48     61     82    255    610
 
#     MEAN   48.0   61.1   82.9  259.4  613.1
