


                             Solar Radio Emission
                    Single-Frequency Total Flux Observations
                        Observing Station: Nobeyama (NBYM)
                    Flux Density in 10^(-22) W m^(-2) Hz^(-1)


             1000   2000   3750   9400  17000
              MHz    MHz    MHz    MHz    MHz

2007-04-01     51     55     79    248    635
2007-04-02     49     54     79    255    623
2007-04-03     48     53     79    254    620
2007-04-04     47     53     77    254    619
2007-04-05     47     54     78    252    620
2007-04-06     47     52     77    251    623
2007-04-07     47     53     78    252    627
2007-04-08     47     54     79    252    628
2007-04-09     46     53     78    251    627
2007-04-10     46     53     77    250    627
2007-04-11     45     52     77    250    625
2007-04-12     44     51     76    250    624
2007-04-13     44     51     76    250    623
2007-04-14     43     51     76    250    625
2007-04-15     45     51     76    251    626
2007-04-16     45     52     77    251    624
2007-04-17     46     52     77    252    617
2007-04-18     45     52     77    252    615
2007-04-19     45     51     76    250    615
2007-04-20     44     51     76    251    618
2007-04-21     47     51     76    253    622
2007-04-22     47     52     76    253    622
2007-04-23     44     51     76    252    621
2007-04-24     45     53     77    253    620
2007-04-25     47     56     82    260    622
2007-04-26     47     58     86    264    625
2007-04-27     47     60     90    266    625
2007-04-28     49     62     93    268    625
2007-04-29     49     63     93    271    629
2007-04-30     52     63     94    272    627

#     MEAN   46.5   53.9   79.7  254.6  623.3
