


                             Solar Radio Emission
                    Single-Frequency Total Flux Observations
                        Observing Station: Nobeyama (NBYM)
                    Flux Density in 10^(-22) W m^(-2) Hz^(-1)


             1000   2000   3750   9400  17000
              MHz    MHz    MHz    MHz    MHz

2011-05-01     75     90    110    286    645
2011-05-02     75     89    109    284    651
2011-05-03     77     94    111    286    647
2011-05-04     76     91    108    282    648
2011-05-05     75     90    107    280    643
2011-05-06     76     91    108    278    643
2011-05-07     76     86    104    277    635
2011-05-08     75     87    103    276    643
2011-05-09     76     88    104    277    644
2011-05-10     74     86    103    278    643
2011-05-11     71     81    100    283    630
2011-05-12     69     79     97    270    631
2011-05-13     68     77     96    271    642
2011-05-14     67     77     97    274    633
2011-05-15     66     77     97    270    636
2011-05-16     66     77     97    270    634
2011-05-17     65     76     96    271    636
2011-05-18     64     76     96    273    633
2011-05-19     63     73     93    271    632
2011-05-20     61     70     90    262    634
2011-05-21     61     69     90    261    632
2011-05-22     62     69     90    262    635
2011-05-23     62     70     90    266    623
2011-05-24     61     68     89    262    614
2011-05-25     60     66     87    262    630
2011-05-26     59     67     88    263    624
2011-05-27     60     70     91    265    609
2011-05-28     62     75     99    272    633
2011-05-29     68     87    114    294    623
2011-05-30     72     91    118    281    629
2011-05-31     72     94    117    279    637

#     MEAN   68.2   80.0   99.9  273.8  634.6
