


                             Solar Radio Emission
                    Single-Frequency Total Flux Observations
                        Observing Station: Nobeyama (NBYM)
                    Flux Density in 10^(-22) W m^(-2) Hz^(-1)


             1000   2000   3750   9400  17000
              MHz    MHz    MHz    MHz    MHz

2012-11-01     77     88    113    288    663
2012-11-02     73     84    108    282    661
2012-11-03     71     82    105    278    652
2012-11-04     70     79    102    277    656
2012-11-05     72     81    105    282    656
2012-11-06     73     84    107    285    654
2012-11-07     72     86    109    284    661
2012-11-08     73     87    114    289    668
2012-11-09     78     93    114    287    664
2012-11-10     83     98    123    294    671
2012-11-11     88    105    132    301    676
2012-11-12     93    115    141    305    681
2012-11-13     95    124    146    305    678
2012-11-14     98    125    148    305    671
2012-11-15    101    126    141    300    669
2012-11-16    102    123    137    300    675
2012-11-17    103    122    136    301    667
2012-11-18    102    122    136    301    669
2012-11-19    101    122    137    302    672
2012-11-20    103    123    138    306    685
2012-11-21     99    121    140    303    681
2012-11-22     96    116    141    307    675
2012-11-23     96    112    134    301    666
2012-11-24     91    106    129    295    670
2012-11-25     89    102    125    292    669
2012-11-26     86    105    132    298    661
2012-11-27     83    101    129    298    663
2012-11-28     80     97    124    292    665
2012-11-29     78     96    127    299    674
2012-11-30     78     93    120    292    669

#     MEAN   86.9  103.9  126.4  295.0  668.0
