


                             Solar Radio Emission
                    Single-Frequency Total Flux Observations
                        Observing Station: Nobeyama (NBYM)
                    Flux Density in 10^(-22) W m^(-2) Hz^(-1)


             1000   2000   3750   9400  17000
              MHz    MHz    MHz    MHz    MHz

2023-01-01    110    142    159    321    674
2023-01-02    106    135    147    313    665
2023-01-03    106    130    142    308    661
2023-01-04    108    132    144    311    661
2023-01-05    108    134    144    314    665
2023-01-06    116    144    155    320    673
2023-01-07    118    153    169    326    670
2023-01-08    121    159    181    342    676
2023-01-09      -    158    182    341    674
2023-01-10      -    165    188    340    675
2023-01-11      -    174    196    347    686
2023-01-12      -    185    207    355    696
2023-01-13    128    182    204    357    700
2023-01-14    133    194    216    375    703
2023-01-15    137    196    219    375    691
2023-01-16    134    202    221    371    677
2023-01-17    136    204    218    374    684
2023-01-18    136    199    209    371    681
2023-01-19    135    192    206    364    678
2023-01-20    139    202    213    373    694
2023-01-21    134    189    207    364    679
2023-01-22    127    181    199    364    683
2023-01-23    122    176    188    364    684
2023-01-24    115    158    179    359    685
2023-01-25      -      -      -      -      -
2023-01-26    108    143    162    336    672
2023-01-27    102    127    140    315    654
2023-01-28    101    121    136    311    651
2023-01-29     99    119    134    308    657
2023-01-30    101    119    133    308    656
2023-01-31    102    119    133    305    650
 
#     MEAN  118.5  161.7  177.7  341.1  675.2
