


                             Solar Radio Emission
                    Single-Frequency Total Flux Observations
                        Observing Station: Nobeyama (NBYM)
                    Flux Density in 10^(-22) W m^(-2) Hz^(-1)


             1000   2000   3750   9400  17000
              MHz    MHz    MHz    MHz    MHz

2013-03-01     74     90    115    283    657
2013-03-02     74     91    115    279    648
2013-03-03     78     96    119    284    656
2013-03-04     81     97    116    284    655
2013-03-05     84    100    117    285    658
2013-03-06     87    102    118    289    663
2013-03-07     86     99    115    287    661
2013-03-08     89    101    115    287    656
2013-03-09     91    101    116    289    664
2013-03-10     92    105    118    292    657
2013-03-11     88    105    118    284    654
2013-03-12     88    103    119    290    659
2013-03-13     98    116    132    303    663
2013-03-14     89    104    121    288    648
2013-03-15     90    105    123    293    653
2013-03-16     87    105    124    296    657
2013-03-17     85    106    126    298    657
2013-03-18     84    103    127    301    663
2013-03-19     79     96    122    294    660
2013-03-20     77     93    116    292    661
2013-03-21     71     87    111    280    649
2013-03-22     72     86    111    286    659
2013-03-23     70     82    105    279    650
2013-03-24     68     80    101    277    646
2013-03-25     69     79    100    276    640
2013-03-26     67     76     98    269    640
2013-03-27     69     78     98    275    641
2013-03-28     69     79    100    276    648
2013-03-29     74     86    106    281    651
2013-03-30     75     90    113    285    649
2013-03-31     75     91    114    285    642

#     MEAN   80.0   94.6  114.4  286.1  653.8
