


                             Solar Radio Emission
                    Single-Frequency Total Flux Observations
                        Observing Station: Nobeyama (NBYM)
                    Flux Density in 10^(-22) W m^(-2) Hz^(-1)


             1000   2000   3750   9400  17000
              MHz    MHz    MHz    MHz    MHz

2012-12-01     77     91    116    280    659
2012-12-02     74     86    108    277    655
2012-12-03     75     84    105    278    661
2012-12-04     74     85    105    281    658
2012-12-05     73     84    104    277    657
2012-12-06     72     86    107    277    660
2012-12-07     73     84    105    277    657
2012-12-08     75     85    107    279    652
2012-12-09     76     86    108    276      -
2012-12-10     78     89    111    277      -
2012-12-11     79     90    111    278      -
2012-12-12     82     92    113    282      -
2012-12-13     86     98    117    284    667
2012-12-14     89    102    124    292    676
2012-12-15     89    103    125    295    665
2012-12-16     90    104    125    293    672
2012-12-17     90    106    127    299    665
2012-12-18     91    103    125    296    671
2012-12-19     90    102    121    288    660
2012-12-20     86     98    118    285    663
2012-12-21     85     99    118    285    663
2012-12-22     85    100    118    286    665
2012-12-23     86    104    126    289    672
2012-12-24     81     97    118    282    662
2012-12-25     81     96    120    283    660
2012-12-26     79     95    118    282    663
2012-12-27     80     94    116    284    665
2012-12-28     80     93    113    284    660
2012-12-29     80     92    112    287    670
2012-12-30     80     92    114    287    659
2012-12-31     81     94    117    286    662

#     MEAN   81.2   94.0  115.3  284.1  662.9
