


                             Solar Radio Emission
                    Single-Frequency Total Flux Observations
                        Observing Station: Nobeyama (NBYM)
                    Flux Density in 10^(-22) W m^(-2) Hz^(-1)


             1000   2000   3750   9400  17000
              MHz    MHz    MHz    MHz    MHz

2015-06-01     73     82    100    272    630
2015-06-02     78     88    105    276    637
2015-06-03     80     90    107    282    634
2015-06-04     84     98    115    284    634
2015-06-05     88    104    120    285    624
2015-06-06     95    112    127    288    623
2015-06-07    102    120    131    294    635
2015-06-08    104    121    133    294    637
2015-06-09    107    121    128    290    635
2015-06-10    114    122    130    297    648
2015-06-11      -      -      -      -      -
2015-06-12    112    121    142    301    640
2015-06-13    110    119    141    305    648
2015-06-14    109    119    138    300    644
2015-06-15    109    114    134    294    644
2015-06-16    115    116    137    302    642
2015-06-17    114    117    141    304    646
2015-06-18    120    116    141    304    636
2015-06-19    114    117    139    305    632
2015-06-20    110    115    141    304    630
2015-06-21    110    110    142    306    619
2015-06-22    107    105    141    304    626
2015-06-23     99    102    132    305    636
2015-06-24     93     98    129    292    629
2015-06-25     85     92    118    280    629
2015-06-26     81     86    110    279    620
2015-06-27     78     83    106    274    620
2015-06-28     77     83    103    273    627
2015-06-29     77     82    103    274    630
2015-06-30     77     84    102    273    616

#     MEAN   97.3  104.8  125.4  291.1  632.8
