


                             Solar Radio Emission
                    Single-Frequency Total Flux Observations
                        Observing Station: Nobeyama (NBYM)
                    Flux Density in 10^(-22) W m^(-2) Hz^(-1)


             1000   2000   3750   9400  17000
              MHz    MHz    MHz    MHz    MHz

2005-07-01     71     81    106    268    623
2005-07-02     86     93    121    276    634
2005-07-03     83    100    130    281    632
2005-07-04     82    100    130    279    575
2005-07-05     84     99    128    280    629
2005-07-06     78     97    126    281    633
2005-07-07     78     98    128    282    634
2005-07-08     76     97    125    277    633
2005-07-09     70     87    113    268    628
2005-07-10     67     82    108    266    627
2005-07-11     65     81    106    270    630
2005-07-12     60     76    104    276    614
2005-07-13     59     76    104    281    643
2005-07-14     58     73    102    278    635
2005-07-15     55     68     94    267    631
2005-07-16     53     66     89    260    626
2005-07-17     50     59     83    260    618
2005-07-18     49     57     81    255    619
2005-07-19     47     56     79    252    616
2005-07-20     48     55     79    253    617
2005-07-21     49     56     80    252    618
2005-07-22     49     57     81    251    619
2005-07-23     50     59     83    252    620
2005-07-24     53     62     86    256    620
2005-07-25     55     65     88    256    621
2005-07-26     56     67     90    255    589
2005-07-27     60     71     93    256    625
2005-07-28     63     75    101    271    635
2005-07-29     63     76    104    271    630
2005-07-30     65     81    106    272    632
2005-07-31     66     82    111    280    638

#     MEAN   62.9   75.8  101.9  267.1  624.0
