


                             Solar Radio Emission
                    Single-Frequency Total Flux Observations
                        Observing Station: Nobeyama (NBYM)
                    Flux Density in 10^(-22) W m^(-2) Hz^(-1)


             1000   2000   3750   9400  17000
              MHz    MHz    MHz    MHz    MHz

2006-08-01     50     57     80    262    623
2006-08-02     50     57     81    263    624
2006-08-03     50     56     81    266    621
2006-08-04     48     56     80    265    624
2006-08-05     47     54     79    265    619
2006-08-06     46     53     78    263    619
2006-08-07     47     54     78    262    608
2006-08-08     46     54     79    265    623
2006-08-09     46     55     80    266    615
2006-08-10     48     59     85    272    627
2006-08-11     50     64     94    278    629
2006-08-12     53     66     92    278    628
2006-08-13     58     72    100    288    636
2006-08-14     55     68     93    278    627
2006-08-15     57     68     94    279    626
2006-08-16     57     69     96    285    623
2006-08-17     60     72     98    285    638
2006-08-18     58     69     96    282    634
2006-08-19     58     71     99    287    641
2006-08-20     56     68     94    274    633
2006-08-21     55     68     95    278    641
2006-08-22     54     66     91    276    626
2006-08-23     52     63     89    275    635
2006-08-24     52     61     86    270    629
2006-08-25     52     62     88    269    626
2006-08-26     52     60     85    266    625
2006-08-27     54     64     88    269    619
2006-08-28     53     62     86    269    619
2006-08-29     52     60     83    269    625
2006-08-30     50     59     82    269    628
2006-08-31     50     59     84    269    633

#     MEAN   52.0   62.1   87.5  272.4  626.6
