


                             Solar Radio Emission
                    Single-Frequency Total Flux Observations
                        Observing Station: Nobeyama (NBYM)
                    Flux Density in 10^(-22) W m^(-2) Hz^(-1)


             1000   2000   3750   9400  17000
              MHz    MHz    MHz    MHz    MHz

2011-06-01     72     91    111    274    629
2011-06-02     76     95    115    285    623
2011-06-03     76     93    112    278    642
2011-06-04     77     90    108    275    645
2011-06-05     77     88    105    275    643
2011-06-06     77     87    105    276    643
2011-06-07     75     83    101    268    637
2011-06-08     76     79     99    271    631
2011-06-09     70     75     95    265    637
2011-06-10     68     72     93    265    634
2011-06-11     66     71     93    264    623
2011-06-12     65     70     91    262    629
2011-06-13     67     70     92    262    630
2011-06-14     66     72     95    265    627
2011-06-15     71     79    101    267    625
2011-06-16     74     82    107    270    626
2011-06-17     78     85    107    274    633
2011-06-18     81     85    105    268    625
2011-06-19     82     81    101    272    635
2011-06-20     81     81    100    271    634
2011-06-21     85     79     99    268    625
2011-06-22     80     79     97    267    640
2011-06-23     78     79     98    268    637
2011-06-24     79     81    100    270    639
2011-06-25     82     79    101    271    638
2011-06-26     74     78     97    268    633
2011-06-27     71     74     95    270    620
2011-06-28     69     73     96    268    637
2011-06-29     68     70     93    271    627
2011-06-30     68     71     93    266    637

#     MEAN   74.2   79.8  100.2  269.7  632.8
