


                             Solar Radio Emission
                    Single-Frequency Total Flux Observations
                        Observing Station: Nobeyama (NBYM)
                    Flux Density in 10^(-22) W m^(-2) Hz^(-1)


             1000   2000   3750   9400  17000
              MHz    MHz    MHz    MHz    MHz

2004-03-01     66     84    110    288    629
2004-03-02     65     80    102    287    647
2004-03-03     64     77    100    285    644
2004-03-04     63     73     98    282    640
2004-03-05     64     78    105    287    645
2004-03-06     68     82    109    292    650
2004-03-07     69     82    110    291    642
2004-03-08     68     85    110    291    647
2004-03-09     72     87    111    291    647
2004-03-10     75     89    109    291    644
2004-03-11     77     94    119    304    651
2004-03-12     78     93    116    293    641
2004-03-13     77     88    106    285    644
2004-03-14     75     85    106    284    643
2004-03-15     74     83    103    281    642
2004-03-16     74     82    102    283    643
2004-03-17     75     85    107    286    652
2004-03-18     77     88    112    312    621
2004-03-19     76     93    117    294    633
2004-03-20     76     92    112    292    624
2004-03-21     77     93    115    292    646
2004-03-22     74     91    112    288    638
2004-03-23     76     92    115    288    639
2004-03-24     78     93    117    289    638
2004-03-25     82    101    124    300    647
2004-03-26     80     99    124    298    642
2004-03-27     79    101    129    301    653
2004-03-28     83    105    133    302    653
2004-03-29     80    102    131    297    653
2004-03-30     81    103    131    296    651
2004-03-31     82    100    126    298    649

#     MEAN   74.3   89.6  113.6  291.9  643.1
