


                             Solar Radio Emission
                    Single-Frequency Total Flux Observations
                        Observing Station: Nobeyama (NBYM)
                    Flux Density in 10^(-22) W m^(-2) Hz^(-1)


             1000   2000   3750   9400  17000
              MHz    MHz    MHz    MHz    MHz

2004-06-01     59     73     97    267    612
2004-06-02     59     71     95    264    621
2004-06-03     61     71     94    262    621
2004-06-04     63     73     94    271    625
2004-06-05     63     72     94    260    622
2004-06-06     65     71     93    259    602
2004-06-07     70     76     97    264    623
2004-06-08     67     72     93    260    617
2004-06-09     64     69     91    259    617
2004-06-10     64     68     90    260    619
2004-06-11     63     67     90    259    602
2004-06-12     63     67     90    259    616
2004-06-13     66     71     97    267    618
2004-06-14     70     75    102    270    623
2004-06-15     73     80    108    274    626
2004-06-16     76     85    112    273    620
2004-06-17     81     91    114    274    622
2004-06-18     77     90    112    270    614
2004-06-19     79     89    111    270    614
2004-06-20     77     90    117    273    615
2004-06-21     81     93    121    276    618
2004-06-22     83     92    119    272    618
2004-06-23     79     92    118    272    621
2004-06-24     77     90    118    274    618
2004-06-25     72     85    108    264    607
2004-06-26     72     85    110    272    619
2004-06-27     69     78    103    268    618
2004-06-28     68     75     99    270    614
2004-06-29     65     71     93    262    609
2004-06-30     64     67     89    257    613

#     MEAN   69.8   78.3  102.2  266.8  616.8
