


                             Solar Radio Emission
                    Single-Frequency Total Flux Observations
                        Observing Station: Nobeyama (NBYM)
                    Flux Density in 10^(-22) W m^(-2) Hz^(-1)


             1000   2000   3750   9400  17000
              MHz    MHz    MHz    MHz    MHz

2021-12-01     60     74     96    272    628
2021-12-02     59     73     95    269    634
2021-12-03     57     71     93    270    636
2021-12-04     57     71     92    269    632
2021-12-05     57     72     93    270    631
2021-12-06     54     67     89    267    629
2021-12-07     54     65     87    266    630
2021-12-08     56     65     88    263      -
2021-12-09     52     62     84    263    619
2021-12-10     51     62     85    265    625
2021-12-11     51     63     86    266    629
2021-12-12     53     64      -    266    629
2021-12-13     53     65     87    266    630
2021-12-14     55     67     89    268    632
2021-12-15     59     78    103    280    646
2021-12-16     64     89    111    282    644
2021-12-17     70    102    123    290    644
2021-12-18     72    104    120    283    633
2021-12-19     76    107    119    286    638
2021-12-20     77    104    117    290    646
2021-12-21     82    111    125    298    658
2021-12-22     85    118    135    299    652
2021-12-23     83    115    134    299    652
2021-12-24     81    111    133    298    659
2021-12-25     83    108    130    301    654
2021-12-26     82    110    134    296    641
2021-12-27     82    107    130    295    632
2021-12-28     82    108    128    289    643
2021-12-29     79    103    124    286    641
2021-12-30     73     94    113    282    638
2021-12-31     67     89      -    278      -
 
#     MEAN   66.6   87.6  108.4  279.7  638.1
