


                             Solar Radio Emission
                    Single-Frequency Total Flux Observations
                        Observing Station: Nobeyama (NBYM)
                    Flux Density in 10^(-22) W m^(-2) Hz^(-1)


             1000   2000   3750   9400  17000
              MHz    MHz    MHz    MHz    MHz

2009-09-01     45     53     76    255    626
2009-09-02     46     54     78    254    622
2009-09-03     45     53     78    255    626
2009-09-04     45     53     77    255    626
2009-09-05     45     53     77    255    629
2009-09-06     45     53     78    255    634
2009-09-07     45     53     77    255    630
2009-09-08     45     53     77    255    631
2009-09-09     45     53     78    256    630
2009-09-10     46     53     78    255    624
2009-09-11     45     53     78    255    629
2009-09-12     45     53     77    257    620
2009-09-13     46     53     78    257    633
2009-09-14     45     53     78    256    633
2009-09-15     45     53     78    255    625
2009-09-16     45     52     77    255    630
2009-09-17     45     53     78    256    632
2009-09-18     45     53     77    255    633
2009-09-19     45     53     78    255    624
2009-09-20     46     55     80    257    632
2009-09-21     46     55     80    257    635
2009-09-22     47     56     81    258    632
2009-09-23     48     59     84    259    635
2009-09-24     49     60     83    260    640
2009-09-25     48     58     82    259    643
2009-09-26     48     57     81    259    637
2009-09-27     48     57     81    259    643
2009-09-28     49     58     82    259    634
2009-09-29     49     58     82    259    630
2009-09-30     48     56     83    259    625

#     MEAN   46.2   54.5   79.0  256.5  630.8
