


                             Solar Radio Emission
                    Single-Frequency Total Flux Observations
                        Observing Station: Nobeyama (NBYM)
                    Flux Density in 10^(-22) W m^(-2) Hz^(-1)


             1000   2000   3750   9400  17000
              MHz    MHz    MHz    MHz    MHz

2014-01-01    103    126    153    324    694
2014-01-02      -    136    174    336    699
2014-01-03      -    137    174    325    687
2014-01-04      -    154    190    326    683
2014-01-05    126    170    216    349    700
2014-01-06    129    172    216    347    693
2014-01-07    126    166    215    345    687
2014-01-08    129    167    214    351    683
2014-01-09    125    162    197    344    666
2014-01-10    120    153    186    336    674
2014-01-11    118    149    173    328    677
2014-01-12    115    144    171    326    677
2014-01-13    108    129    154    312    667
2014-01-14    108    125    149    307    667
2014-01-15    102    116    137    300    666
2014-01-16     96    108    126    293    661
2014-01-17     99    112    132    297    664
2014-01-18     94    109    129    296    667
2014-01-19     94    112    132    298    660
2014-01-20     93    113    136    300    665
2014-01-21     99    119    141    304    670
2014-01-22    101    126    143    302    661
2014-01-23    104    123    139    298    664
2014-01-24    105    120    136    298    669
2014-01-25    106    121    138    303    674
2014-01-26    101    116    135    297    665
2014-01-27    101    117    139    304    672
2014-01-28    101    124    150    323    689
2014-01-29    103    131    161    333    702
2014-01-30    100    135    170    339    691
2014-01-31    102    133    166    335    690

#     MEAN  107.4  133.1  161.0  318.6  676.9
