


                             Solar Radio Emission
                    Single-Frequency Total Flux Observations
                        Observing Station: Nobeyama (NBYM)
                    Flux Density in 10^(-22) W m^(-2) Hz^(-1)


             1000   2000   3750   9400  17000
              MHz    MHz    MHz    MHz    MHz

2024-09-01    149    203    220    373    687
2024-09-02    152    201    218    372    690
2024-09-03    157    211    228    377    693
2024-09-04    165    223    243    390    703
2024-09-05    171    226    245    386    692
2024-09-06    168    222    232    374    701
2024-09-07    166    221    228    373    693
2024-09-08    161    207    210    367    692
2024-09-09    161    205    208    366    701
2024-09-10    157    197    204    371    703
2024-09-11    149    192    203    369    696
2024-09-12      -    194    204    367    689
2024-09-13    141    183    196    366    704
2024-09-14    131    168    182    346    684
2024-09-15    122    157    170    334    678
2024-09-16    122    156    176    337    672
2024-09-17    121    148    167    327    661
2024-09-18    116    147    167    325    663
2024-09-19    114    143    158    318    670
2024-09-20    116    144    159    318    660
2024-09-21    114    144    153    312    662
2024-09-22    118    149    154    315      -
2024-09-23    121    153    160    319    665
2024-09-24    126    158    166    324    668
2024-09-25    126    159    167    324    668
2024-09-26    129    163    170    327    676
2024-09-27    133    174    178    338    689
2024-09-28    138    178    185    339    686
2024-09-29    142    182    188    337    680
2024-09-30    146    190    194    339    681

#     MEAN  139.1  180.0  191.0  347.7  682.9
