


                             Solar Radio Emission
                    Single-Frequency Total Flux Observations
                        Observing Station: Nobeyama (NBYM)
                    Flux Density in 10^(-22) W m^(-2) Hz^(-1)


             1000   2000   3750   9400  17000
              MHz    MHz    MHz    MHz    MHz

2007-10-01     44     52     76    254    617
2007-10-02     44     53     78    256    623
2007-10-03     44     52     77    255    637
2007-10-04     43     53     78    257    632
2007-10-05     44     52     77    256    629
2007-10-06     45     54     79    256    628
2007-10-07     46     54     78    257    630
2007-10-08     45     54     78    257    628
2007-10-09     46     54     78    255    630
2007-10-10     46     54     78    259    635
2007-10-11     45     54     79    259    639
2007-10-12     46     55     79    259    636
2007-10-13     45     54     79    259    639
2007-10-14     44     53     77    257    630
2007-10-15     44     51     77    257    636
2007-10-16     44     52     78    256    622
2007-10-17     44     53     77    257    629
2007-10-18     44     52     77    259    633
2007-10-19     44     53     77    257    627
2007-10-20     44     53     77    259    635
2007-10-21     44     53     78    258    634
2007-10-22     44     52     78    259    638
2007-10-23     44     52     78    257    636
2007-10-24     45     52     78    259    638
2007-10-25     45     54     79    260    643
2007-10-26     44     53     78    260    637
2007-10-27     44     53     79    259    605
2007-10-28     44     53     79    260    632
2007-10-29     44     54     78    261    638
2007-10-30     44     54     79    260    641
2007-10-31     44     53     79    260    641

#     MEAN   44.4   53.0   77.9  257.8  632.1
