


                             Solar Radio Emission
                    Single-Frequency Total Flux Observations
                        Observing Station: Nobeyama (NBYM)
                    Flux Density in 10^(-22) W m^(-2) Hz^(-1)


             1000   2000   3750   9400  17000
              MHz    MHz    MHz    MHz    MHz

2009-10-01     48     57     83    260    634
2009-10-02     48     56     80    263    625
2009-10-03     48     56     81    266    633
2009-10-04     48     57     82    262    639
2009-10-05     47     55     80    260    633
2009-10-06     46     54     80    259    631
2009-10-07     46     54     80    260    620
2009-10-08     46     54     78    259    625
2009-10-09     46     53     79    260    625
2009-10-10     46     54     79    260    635
2009-10-11     46     55     80    261    628
2009-10-12     47     55     80    260    637
2009-10-13     47     55     80    259    641
2009-10-14     47     55     80    259    635
2009-10-15     47     56     81    259    638
2009-10-16     47     55     81    259    641
2009-10-17     47     55     80    261    629
2009-10-18     47     55     81    261    643
2009-10-19     47     55     80    261    645
2009-10-20     47     55     80    261    644
2009-10-21     48     56     81    260    642
2009-10-22     48     56     81    261    642
2009-10-23     49     56     82    260    644
2009-10-24     50     58     83    262    642
2009-10-25     50     60     85    264    638
2009-10-26     51     61     86    265    608
2009-10-27     52     63     92    272    637
2009-10-28     52     62     91    268    640
2009-10-29     50     63     92    266    643
2009-10-30     50     61     88    265    652
2009-10-31     50     59     86    264    649

#     MEAN   47.9   56.7   82.2  261.9  636.1
