


                             Solar Radio Emission
                    Single-Frequency Total Flux Observations
                        Observing Station: Nobeyama (NBYM)
                    Flux Density in 10^(-22) W m^(-2) Hz^(-1)


             1000   2000   3750   9400  17000
              MHz    MHz    MHz    MHz    MHz

2023-09-01    104    125    144    307    654
2023-09-02    100    119    136    300    646
2023-09-03     98    114    130    298    643
2023-09-04    101    120    133    297      -
2023-09-05    101    122    136    302    648
2023-09-06    103    127    143    305    650
2023-09-07    105    132    152    309    649
2023-09-08    108    140    155    305    641
2023-09-09    106    141    158    310    643
2023-09-10    107    146    158    318    659
2023-09-11    112    146    167    321    661
2023-09-12    119    153    171    320    668
2023-09-13    108    136    149    299    655
2023-09-14    108    132    141    298    660
2023-09-15    108    133    145    302    668
2023-09-16    107    128    139    305    661
2023-09-17    106    129    139    305    666
2023-09-18    108    135    148    310    659
2023-09-19    110    141    156    316    672
2023-09-20    113    144    159    317    669
2023-09-21    113    142    155    308    663
2023-09-22    116    156    170    321    656
2023-09-23    117    156    172    317    662
2023-09-24    113    156    174    315    664
2023-09-25    115    151    169    309    666
2023-09-26    115    150    169    311    669
2023-09-27    113    150    166    311    671
2023-09-28    109    141    152    304    671
2023-09-29    109    138    149    302    668
2023-09-30    110    140    152    305    674
 
#     MEAN  108.7  138.5  152.9  308.2  659.9
